<DIMENSION> 198
<VEHICLE_CAPACITY>	100
<NUMBER_OF_VEHICLES>	22
<TIME_HORIZON>	19724
<VERTICES> XCOORD - YCOORD - DEMAND - OPENING_TW - CLOSING_TW - SERVICE_TIME - RELEASE DATE </VERTICES>
0.0000	0.0000	 0	 0	 0	 0	 0
551.2000	996.4000	 0	 0	 0	 0	12
627.4000	996.4000	 0	 0	 0	 0	1733
703.6000	996.4000	 0	 0	 0	 0	2238
703.6000	1047.2000	 0	 0	 0	 0	2189
627.4000	1047.2000	 0	 0	 0	 0	1693
551.2000	1047.2000	 0	 0	 0	 0	5677
881.4000	1352.0000	 0	 0	 0	 0	4262
932.2000	1352.0000	 0	 0	 0	 0	5659
957.6000	1352.0000	 0	 0	 0	 0	6553
983.0000	1352.0000	 0	 0	 0	 0	2930
1008.4000	1352.0000	 0	 0	 0	 0	1302
1033.8000	1352.0000	 0	 0	 0	 0	6798
1313.2000	1123.4000	 0	 0	 0	 0	487
1287.8000	1098.0000	 0	 0	 0	 0	4130
1287.8000	996.4000	 0	 0	 0	 0	5196
1313.2000	996.4000	 0	 0	 0	 0	578
1465.6000	996.4000	 0	 0	 0	 0	5746
1516.4000	996.4000	 0	 0	 0	 0	3859
1592.6000	996.4000	 0	 0	 0	 0	2044
1592.6000	1098.0000	 0	 0	 0	 0	4748
1516.4000	1098.0000	 0	 0	 0	 0	5407
1465.6000	1098.0000	 0	 0	 0	 0	3082
1567.2000	1123.4000	 0	 0	 0	 0	280
1592.6000	1148.8000	 0	 0	 0	 0	3415
1567.2000	1174.2000	 0	 0	 0	 0	7103
1541.8000	1174.2000	 0	 0	 0	 0	417
1491.0000	1174.2000	 0	 0	 0	 0	6566
1440.2000	1174.2000	 0	 0	 0	 0	4551
1465.6000	1199.6000	 0	 0	 0	 0	1670
1414.8000	1225.0000	 0	 0	 0	 0	6717
1440.2000	1225.0000	 0	 0	 0	 0	2757
1491.0000	1225.0000	 0	 0	 0	 0	7520
1516.4000	1225.0000	 0	 0	 0	 0	2375
1592.6000	1250.4000	 0	 0	 0	 0	7274
1465.6000	1250.4000	 0	 0	 0	 0	1098
1440.2000	1250.4000	 0	 0	 0	 0	4157
1389.4000	1250.4000	 0	 0	 0	 0	7170
1541.8000	1275.8000	 0	 0	 0	 0	5031
1160.8000	1123.4000	 0	 0	 0	 0	6307
1160.8000	1225.0000	 0	 0	 0	 0	6729
1262.4000	1301.2000	 0	 0	 0	 0	6512
1287.8000	1301.2000	 0	 0	 0	 0	5997
1338.6000	1301.2000	 0	 0	 0	 0	1145
1414.8000	1301.2000	 0	 0	 0	 0	5408
1491.0000	1301.2000	 0	 0	 0	 0	5440
1541.8000	1301.2000	 0	 0	 0	 0	1346
1643.4000	1301.2000	 0	 0	 0	 0	5056
1668.8000	1326.6000	 0	 0	 0	 0	6368
1618.0000	1326.6000	 0	 0	 0	 0	979
1567.2000	1326.6000	 0	 0	 0	 0	4633
1516.4000	1326.6000	 0	 0	 0	 0	6890
1465.6000	1326.6000	 0	 0	 0	 0	5809
1414.8000	1326.6000	 0	 0	 0	 0	1900
1338.6000	1326.6000	 0	 0	 0	 0	1378
1313.2000	1326.6000	 0	 0	 0	 0	2729
1237.0000	1326.6000	 0	 0	 0	 0	3679
1237.0000	1352.0000	 0	 0	 0	 0	364
1313.2000	1352.0000	 0	 0	 0	 0	3581
1338.6000	1352.0000	 0	 0	 0	 0	2983
1414.8000	1352.0000	 0	 0	 0	 0	7065
1465.6000	1352.0000	 0	 0	 0	 0	6137
1694.2000	1352.0000	 0	 0	 0	 0	3275
1618.0000	1377.4000	 0	 0	 0	 0	3061
1516.4000	1377.4000	 0	 0	 0	 0	800
1414.8000	1377.4000	 0	 0	 0	 0	5561
1338.6000	1377.4000	 0	 0	 0	 0	1920
1313.2000	1377.4000	 0	 0	 0	 0	2700
1237.0000	1377.4000	 0	 0	 0	 0	935
1357.7000	1390.1000	 0	 0	 0	 0	3330
1237.0000	1402.8000	 0	 0	 0	 0	4430
1313.2000	1402.8000	 0	 0	 0	 0	5147
1338.6000	1402.8000	 0	 0	 0	 0	2942
1414.8000	1402.8000	 0	 0	 0	 0	1333
1465.6000	1402.8000	 0	 0	 0	 0	4707
1567.2000	1402.8000	 0	 0	 0	 0	2365
1592.6000	1402.8000	 0	 0	 0	 0	3411
1618.0000	1402.8000	 0	 0	 0	 0	1627
1694.2000	1428.2000	 0	 0	 0	 0	1393
1668.8000	1428.2000	 0	 0	 0	 0	3717
1541.8000	1428.2000	 0	 0	 0	 0	1783
1440.2000	1428.2000	 0	 0	 0	 0	6150
1414.8000	1428.2000	 0	 0	 0	 0	7601
1338.6000	1428.2000	 0	 0	 0	 0	3816
1262.4000	1428.2000	 0	 0	 0	 0	3095
1237.0000	1453.6000	 0	 0	 0	 0	5543
1338.6000	1453.6000	 0	 0	 0	 0	6537
1414.8000	1453.6000	 0	 0	 0	 0	2237
1465.6000	1453.6000	 0	 0	 0	 0	7173
1491.0000	1453.6000	 0	 0	 0	 0	717
1668.8000	1453.6000	 0	 0	 0	 0	6137
1694.2000	1453.6000	 0	 0	 0	 0	2351
1618.0000	1479.0000	 0	 0	 0	 0	5240
1592.6000	1479.0000	 0	 0	 0	 0	2184
1567.2000	1479.0000	 0	 0	 0	 0	2605
1516.4000	1479.0000	 0	 0	 0	 0	7267
1440.2000	1479.0000	 0	 0	 0	 0	945
1414.8000	1479.0000	 0	 0	 0	 0	3453
1338.6000	1479.0000	 0	 0	 0	 0	5992
1262.4000	1479.0000	 0	 0	 0	 0	3286
1592.6000	1504.4000	 0	 0	 0	 0	5770
1618.0000	1504.4000	 0	 0	 0	 0	7633
1668.8000	1529.8000	 0	 0	 0	 0	803
1694.2000	1529.8000	 0	 0	 0	 0	4082
1745.0000	1529.8000	 0	 0	 0	 0	2151
1821.2000	1529.8000	 0	 0	 0	 0	988
1846.6000	1529.8000	 0	 0	 0	 0	2674
1948.2000	1529.8000	 0	 0	 0	 0	3980
1922.8000	1555.2000	 0	 0	 0	 0	5733
1897.4000	1555.2000	 0	 0	 0	 0	7803
1872.0000	1555.2000	 0	 0	 0	 0	5203
1821.2000	1555.2000	 0	 0	 0	 0	347
1795.8000	1555.2000	 0	 0	 0	 0	7065
1770.4000	1555.2000	 0	 0	 0	 0	1952
1770.4000	1656.8000	 0	 0	 0	 0	1645
1795.8000	1656.8000	 0	 0	 0	 0	4472
1821.2000	1656.8000	 0	 0	 0	 0	3072
1872.0000	1656.8000	 0	 0	 0	 0	6797
1897.4000	1656.8000	 0	 0	 0	 0	1801
1922.8000	1656.8000	 0	 0	 0	 0	3706
1808.5000	1694.9000	 0	 0	 0	 0	1163
1757.7000	1694.9000	 0	 0	 0	 0	997
1884.7000	1733.0000	 0	 0	 0	 0	7877
1999.0000	1733.0000	 0	 0	 0	 0	7261
2075.2000	1733.0000	 0	 0	 0	 0	1166
2113.3000	1733.0000	 0	 0	 0	 0	1296
2176.8000	1733.0000	 0	 0	 0	 0	3794
2236.5000	1733.0000	 0	 0	 0	 0	4312
2176.8000	1783.8000	 0	 0	 0	 0	3665
2126.0000	1783.8000	 0	 0	 0	 0	3002
2100.6000	1783.8000	 0	 0	 0	 0	606
2100.6000	1809.2000	 0	 0	 0	 0	6248
2126.0000	1809.2000	 0	 0	 0	 0	2568
2100.6000	1834.6000	 0	 0	 0	 0	7214
2126.0000	1834.6000	 0	 0	 0	 0	3159
2151.4000	1834.6000	 0	 0	 0	 0	1729
2236.5000	1847.3000	 0	 0	 0	 0	2594
1999.0000	1847.3000	 0	 0	 0	 0	4849
1884.7000	1847.3000	 0	 0	 0	 0	3760
2100.6000	1860.0000	 0	 0	 0	 0	4266
2126.0000	1860.0000	 0	 0	 0	 0	3738
2100.6000	1885.4000	 0	 0	 0	 0	4508
2126.0000	1885.4000	 0	 0	 0	 0	2123
2176.8000	1885.4000	 0	 0	 0	 0	5211
2151.4000	1910.8000	 0	 0	 0	 0	1282
2126.0000	1910.8000	 0	 0	 0	 0	5815
2100.6000	1910.8000	 0	 0	 0	 0	7457
2100.6000	1936.2000	 0	 0	 0	 0	3992
2126.0000	1936.2000	 0	 0	 0	 0	6537
2176.8000	1936.2000	 0	 0	 0	 0	5250
2227.6000	1936.2000	 0	 0	 0	 0	6166
2126.0000	1961.6000	 0	 0	 0	 0	7354
2100.6000	1961.6000	 0	 0	 0	 0	2748
1795.8000	1987.0000	 0	 0	 0	 0	7109
1821.2000	1987.0000	 0	 0	 0	 0	953
1846.6000	1987.0000	 0	 0	 0	 0	3785
1872.0000	1987.0000	 0	 0	 0	 0	7043
1897.4000	1987.0000	 0	 0	 0	 0	406
1948.2000	1987.0000	 0	 0	 0	 0	2227
2056.2000	1987.0000	 0	 0	 0	 0	2118
2100.6000	1987.0000	 0	 0	 0	 0	2946
2126.0000	1987.0000	 0	 0	 0	 0	559
2253.0000	1987.0000	 0	 0	 0	 0	6576
2303.8000	1987.0000	 0	 0	 0	 0	6348
2380.0000	1987.0000	 0	 0	 0	 0	1125
2405.4000	1987.0000	 0	 0	 0	 0	6221
2024.4000	1402.8000	 0	 0	 0	 0	1028
2151.4000	1402.8000	 0	 0	 0	 0	7795
2075.2000	1707.6000	 0	 0	 0	 0	782
2176.8000	1707.6000	 0	 0	 0	 0	1682
2350.8000	1733.0000	 0	 0	 0	 0	4185
2350.8000	1847.3000	 0	 0	 0	 0	758
3652.1000	1010.3000	 0	 0	 0	 0	6790
3725.7000	1010.3000	 0	 0	 0	 0	5073
3725.7000	1086.5000	 0	 0	 0	 0	1471
3652.1000	1086.5000	 0	 0	 0	 0	220
3726.2000	1148.8000	 0	 0	 0	 0	1225
3802.4000	1148.8000	 0	 0	 0	 0	899
3853.2000	1148.8000	 0	 0	 0	 0	6522
3802.4000	1174.2000	 0	 0	 0	 0	4657
3700.8000	1174.2000	 0	 0	 0	 0	723
3605.6000	1199.6000	 0	 0	 0	 0	1718
3700.8000	1199.6000	 0	 0	 0	 0	3367
3802.4000	1199.6000	 0	 0	 0	 0	823
3853.2000	1199.6000	 0	 0	 0	 0	3632
4028.3000	1310.3000	 0	 0	 0	 0	6464
3952.1000	1310.3000	 0	 0	 0	 0	1432
3728.3000	1310.3000	 0	 0	 0	 0	923
3652.1000	1310.3000	 0	 0	 0	 0	5728
3652.1000	1386.5000	 0	 0	 0	 0	5573
3728.3000	1386.5000	 0	 0	 0	 0	5373
3952.1000	1386.5000	 0	 0	 0	 0	3923
4028.3000	1386.5000	 0	 0	 0	 0	6825
3853.2000	1123.4000	 0	 0	 0	 0	5540
3952.1000	1086.5000	 0	 0	 0	 0	5512
4028.3000	1086.5000	 0	 0	 0	 0	5499
4028.3000	1010.3000	 0	 0	 0	 0	5564
3952.1000	1010.3000	 0	 0	 0	 0	2144
