<DIMENSION> 200
<VEHICLE_CAPACITY>	100
<NUMBER_OF_VEHICLES>	22
<TIME_HORIZON>	292987
<VERTICES> XCOORD - YCOORD - DEMAND - OPENING_TW - CLOSING_TW - SERVICE_TIME - RELEASE DATE </VERTICES>
1357.0000	1905.0000	 0	 0	 0	 0	 0
2650.0000	802.0000	 0	 0	 0	 0	129
1774.0000	107.0000	 0	 0	 0	 0	19348
1307.0000	964.0000	 0	 0	 0	 0	24989
3806.0000	746.0000	 0	 0	 0	 0	24443
2687.0000	1353.0000	 0	 0	 0	 0	18904
43.0000	1957.0000	 0	 0	 0	 0	63392
3092.0000	1668.0000	 0	 0	 0	 0	47596
185.0000	1542.0000	 0	 0	 0	 0	63193
834.0000	629.0000	 0	 0	 0	 0	73179
40.0000	462.0000	 0	 0	 0	 0	32716
1183.0000	1391.0000	 0	 0	 0	 0	14543
2048.0000	1628.0000	 0	 0	 0	 0	75911
1097.0000	643.0000	 0	 0	 0	 0	5439
1838.0000	1732.0000	 0	 0	 0	 0	46117
234.0000	1118.0000	 0	 0	 0	 0	58017
3314.0000	1881.0000	 0	 0	 0	 0	6450
737.0000	1285.0000	 0	 0	 0	 0	64161
779.0000	777.0000	 0	 0	 0	 0	43087
2312.0000	1949.0000	 0	 0	 0	 0	22825
2576.0000	189.0000	 0	 0	 0	 0	53016
3078.0000	1541.0000	 0	 0	 0	 0	60373
2781.0000	478.0000	 0	 0	 0	 0	34410
705.0000	1812.0000	 0	 0	 0	 0	3130
3409.0000	1917.0000	 0	 0	 0	 0	38131
323.0000	1714.0000	 0	 0	 0	 0	79312
1660.0000	1556.0000	 0	 0	 0	 0	4654
3729.0000	1188.0000	 0	 0	 0	 0	73324
693.0000	1383.0000	 0	 0	 0	 0	50814
2361.0000	640.0000	 0	 0	 0	 0	18649
2433.0000	1538.0000	 0	 0	 0	 0	75007
554.0000	1825.0000	 0	 0	 0	 0	30783
913.0000	317.0000	 0	 0	 0	 0	83974
3586.0000	1909.0000	 0	 0	 0	 0	26524
2636.0000	727.0000	 0	 0	 0	 0	81221
1000.0000	457.0000	 0	 0	 0	 0	12263
482.0000	1337.0000	 0	 0	 0	 0	46415
3704.0000	1082.0000	 0	 0	 0	 0	80067
3635.0000	1174.0000	 0	 0	 0	 0	56175
1362.0000	1526.0000	 0	 0	 0	 0	70426
2049.0000	417.0000	 0	 0	 0	 0	75144
2552.0000	1909.0000	 0	 0	 0	 0	72716
3939.0000	640.0000	 0	 0	 0	 0	66971
219.0000	898.0000	 0	 0	 0	 0	12782
812.0000	351.0000	 0	 0	 0	 0	60386
901.0000	1552.0000	 0	 0	 0	 0	60749
2513.0000	1572.0000	 0	 0	 0	 0	15035
242.0000	584.0000	 0	 0	 0	 0	56463
826.0000	1226.0000	 0	 0	 0	 0	71109
3278.0000	799.0000	 0	 0	 0	 0	10930
86.0000	1065.0000	 0	 0	 0	 0	51731
14.0000	454.0000	 0	 0	 0	 0	76940
1327.0000	1893.0000	 0	 0	 0	 0	64865
2773.0000	1286.0000	 0	 0	 0	 0	21219
2469.0000	1838.0000	 0	 0	 0	 0	15390
3835.0000	963.0000	 0	 0	 0	 0	30477
1031.0000	428.0000	 0	 0	 0	 0	41081
3853.0000	1712.0000	 0	 0	 0	 0	4068
1868.0000	197.0000	 0	 0	 0	 0	39989
1544.0000	863.0000	 0	 0	 0	 0	33311
457.0000	1607.0000	 0	 0	 0	 0	78890
3174.0000	1064.0000	 0	 0	 0	 0	68525
192.0000	1004.0000	 0	 0	 0	 0	36567
2318.0000	1925.0000	 0	 0	 0	 0	34184
2232.0000	1374.0000	 0	 0	 0	 0	8929
396.0000	828.0000	 0	 0	 0	 0	62099
2365.0000	1649.0000	 0	 0	 0	 0	21440
2499.0000	658.0000	 0	 0	 0	 0	30154
1410.0000	307.0000	 0	 0	 0	 0	10438
2990.0000	214.0000	 0	 0	 0	 0	37182
3646.0000	1018.0000	 0	 0	 0	 0	49472
3394.0000	1028.0000	 0	 0	 0	 0	57474
1779.0000	90.0000	 0	 0	 0	 0	32856
1058.0000	372.0000	 0	 0	 0	 0	14885
2933.0000	1459.0000	 0	 0	 0	 0	52562
3099.0000	173.0000	 0	 0	 0	 0	26414
2178.0000	978.0000	 0	 0	 0	 0	38088
138.0000	1610.0000	 0	 0	 0	 0	18168
2082.0000	1753.0000	 0	 0	 0	 0	15552
2302.0000	1127.0000	 0	 0	 0	 0	41508
805.0000	272.0000	 0	 0	 0	 0	19907
22.0000	1617.0000	 0	 0	 0	 0	68673
3213.0000	1085.0000	 0	 0	 0	 0	84872
99.0000	536.0000	 0	 0	 0	 0	42608
1533.0000	1780.0000	 0	 0	 0	 0	34558
3564.0000	676.0000	 0	 0	 0	 0	61894
29.0000	6.0000	 0	 0	 0	 0	72996
3808.0000	1375.0000	 0	 0	 0	 0	24981
2221.0000	291.0000	 0	 0	 0	 0	80102
3499.0000	1885.0000	 0	 0	 0	 0	8007
3124.0000	408.0000	 0	 0	 0	 0	68525
781.0000	671.0000	 0	 0	 0	 0	26253
1027.0000	1041.0000	 0	 0	 0	 0	58515
3249.0000	378.0000	 0	 0	 0	 0	24389
3297.0000	491.0000	 0	 0	 0	 0	29092
213.0000	220.0000	 0	 0	 0	 0	81148
721.0000	186.0000	 0	 0	 0	 0	10551
3736.0000	1542.0000	 0	 0	 0	 0	38554
868.0000	731.0000	 0	 0	 0	 0	66909
960.0000	303.0000	 0	 0	 0	 0	36696
1380.0000	939.0000	 0	 0	 0	 0	64430
2848.0000	96.0000	 0	 0	 0	 0	85232
3510.0000	1671.0000	 0	 0	 0	 0	8972
457.0000	334.0000	 0	 0	 0	 0	45587
3888.0000	666.0000	 0	 0	 0	 0	24024
984.0000	965.0000	 0	 0	 0	 0	11037
2721.0000	1482.0000	 0	 0	 0	 0	29856
1286.0000	525.0000	 0	 0	 0	 0	44447
2716.0000	1432.0000	 0	 0	 0	 0	64013
738.0000	1325.0000	 0	 0	 0	 0	87133
1251.0000	1832.0000	 0	 0	 0	 0	58101
2728.0000	1698.0000	 0	 0	 0	 0	3874
3815.0000	169.0000	 0	 0	 0	 0	78892
3683.0000	1533.0000	 0	 0	 0	 0	21795
1247.0000	1945.0000	 0	 0	 0	 0	18372
123.0000	862.0000	 0	 0	 0	 0	49935
1234.0000	1946.0000	 0	 0	 0	 0	34308
252.0000	1240.0000	 0	 0	 0	 0	75903
611.0000	673.0000	 0	 0	 0	 0	20112
2576.0000	1676.0000	 0	 0	 0	 0	41385
928.0000	1700.0000	 0	 0	 0	 0	12989
53.0000	857.0000	 0	 0	 0	 0	11137
1807.0000	1711.0000	 0	 0	 0	 0	87959
274.0000	1420.0000	 0	 0	 0	 0	81084
2574.0000	946.0000	 0	 0	 0	 0	13024
178.0000	24.0000	 0	 0	 0	 0	14468
2678.0000	1825.0000	 0	 0	 0	 0	42363
1795.0000	962.0000	 0	 0	 0	 0	48147
3384.0000	1498.0000	 0	 0	 0	 0	40930
3520.0000	1079.0000	 0	 0	 0	 0	33520
1256.0000	61.0000	 0	 0	 0	 0	6770
1424.0000	1728.0000	 0	 0	 0	 0	69770
3913.0000	192.0000	 0	 0	 0	 0	28678
3085.0000	1528.0000	 0	 0	 0	 0	80559
2573.0000	1969.0000	 0	 0	 0	 0	35276
463.0000	1670.0000	 0	 0	 0	 0	19302
3875.0000	598.0000	 0	 0	 0	 0	28966
298.0000	1513.0000	 0	 0	 0	 0	54145
3479.0000	821.0000	 0	 0	 0	 0	41987
2542.0000	236.0000	 0	 0	 0	 0	47633
3955.0000	1743.0000	 0	 0	 0	 0	41737
1323.0000	280.0000	 0	 0	 0	 0	50336
3447.0000	1830.0000	 0	 0	 0	 0	23712
2936.0000	337.0000	 0	 0	 0	 0	58192
1621.0000	1830.0000	 0	 0	 0	 0	14317
3373.0000	1646.0000	 0	 0	 0	 0	64935
1393.0000	1368.0000	 0	 0	 0	 0	83267
3874.0000	1318.0000	 0	 0	 0	 0	44574
938.0000	955.0000	 0	 0	 0	 0	72996
3022.0000	474.0000	 0	 0	 0	 0	58619
2482.0000	1183.0000	 0	 0	 0	 0	68847
3854.0000	923.0000	 0	 0	 0	 0	82114
376.0000	825.0000	 0	 0	 0	 0	30689
2519.0000	135.0000	 0	 0	 0	 0	79384
2945.0000	1622.0000	 0	 0	 0	 0	10642
953.0000	268.0000	 0	 0	 0	 0	42267
2628.0000	1479.0000	 0	 0	 0	 0	78645
2097.0000	981.0000	 0	 0	 0	 0	4533
890.0000	1846.0000	 0	 0	 0	 0	24868
2139.0000	1806.0000	 0	 0	 0	 0	23647
2421.0000	1007.0000	 0	 0	 0	 0	32899
2290.0000	1810.0000	 0	 0	 0	 0	6238
1115.0000	1052.0000	 0	 0	 0	 0	73434
2588.0000	302.0000	 0	 0	 0	 0	70885
327.0000	265.0000	 0	 0	 0	 0	12559
241.0000	341.0000	 0	 0	 0	 0	69471
1917.0000	687.0000	 0	 0	 0	 0	11484
2991.0000	792.0000	 0	 0	 0	 0	87045
2573.0000	599.0000	 0	 0	 0	 0	8728
19.0000	674.0000	 0	 0	 0	 0	18781
3911.0000	1673.0000	 0	 0	 0	 0	46727
872.0000	1559.0000	 0	 0	 0	 0	8459
2863.0000	558.0000	 0	 0	 0	 0	75817
929.0000	1766.0000	 0	 0	 0	 0	56643
839.0000	620.0000	 0	 0	 0	 0	16425
3893.0000	102.0000	 0	 0	 0	 0	2460
2178.0000	1619.0000	 0	 0	 0	 0	13683
3822.0000	899.0000	 0	 0	 0	 0	10037
378.0000	1048.0000	 0	 0	 0	 0	72829
1178.0000	100.0000	 0	 0	 0	 0	52005
2599.0000	901.0000	 0	 0	 0	 0	8077
3416.0000	143.0000	 0	 0	 0	 0	19184
2961.0000	1605.0000	 0	 0	 0	 0	37596
611.0000	1384.0000	 0	 0	 0	 0	9187
3113.0000	885.0000	 0	 0	 0	 0	40554
2597.0000	1830.0000	 0	 0	 0	 0	72181
2586.0000	1286.0000	 0	 0	 0	 0	15987
161.0000	906.0000	 0	 0	 0	 0	10311
1429.0000	134.0000	 0	 0	 0	 0	63959
742.0000	1025.0000	 0	 0	 0	 0	62236
1625.0000	1651.0000	 0	 0	 0	 0	59999
1187.0000	706.0000	 0	 0	 0	 0	43807
1787.0000	1009.0000	 0	 0	 0	 0	76212
22.0000	987.0000	 0	 0	 0	 0	61865
3640.0000	43.0000	 0	 0	 0	 0	61550
3756.0000	882.0000	 0	 0	 0	 0	61410
776.0000	392.0000	 0	 0	 0	 0	62126
1724.0000	1642.0000	 0	 0	 0	 0	23938
198.0000	1810.0000	 0	 0	 0	 0	43694
3950.0000	1558.0000	 0	 0	 0	 0	40627
