<DIMENSION> 442
<VEHICLE_CAPACITY>	100
<NUMBER_OF_VEHICLES>	22
<TIME_HORIZON>	253407
<VERTICES> XCOORD - YCOORD - DEMAND - OPENING_TW - CLOSING_TW - SERVICE_TIME - RELEASE DATE </VERTICES>
200.0000	400.0000	 0	 0	 0	 0	 0
200.0000	500.0000	 0	 0	 0	 0	149
200.0000	600.0000	 0	 0	 0	 0	22302
200.0000	700.0000	 0	 0	 0	 0	28804
200.0000	800.0000	 0	 0	 0	 0	28175
200.0000	900.0000	 0	 0	 0	 0	21791
200.0000	1000.0000	 0	 0	 0	 0	73071
200.0000	1100.0000	 0	 0	 0	 0	54863
200.0000	1200.0000	 0	 0	 0	 0	72842
200.0000	1300.0000	 0	 0	 0	 0	84352
200.0000	1400.0000	 0	 0	 0	 0	37712
200.0000	1500.0000	 0	 0	 0	 0	16764
200.0000	1600.0000	 0	 0	 0	 0	87501
200.0000	1700.0000	 0	 0	 0	 0	6270
200.0000	1800.0000	 0	 0	 0	 0	53158
200.0000	1900.0000	 0	 0	 0	 0	66875
200.0000	2000.0000	 0	 0	 0	 0	7435
200.0000	2100.0000	 0	 0	 0	 0	73957
200.0000	2200.0000	 0	 0	 0	 0	49665
200.0000	2300.0000	 0	 0	 0	 0	26309
200.0000	2400.0000	 0	 0	 0	 0	61111
200.0000	2500.0000	 0	 0	 0	 0	69590
200.0000	2600.0000	 0	 0	 0	 0	39664
200.0000	2700.0000	 0	 0	 0	 0	3608
200.0000	2800.0000	 0	 0	 0	 0	43953
200.0000	2900.0000	 0	 0	 0	 0	91421
200.0000	3000.0000	 0	 0	 0	 0	5365
200.0000	3100.0000	 0	 0	 0	 0	84519
200.0000	3200.0000	 0	 0	 0	 0	58573
200.0000	3300.0000	 0	 0	 0	 0	21496
200.0000	3400.0000	 0	 0	 0	 0	86460
200.0000	3500.0000	 0	 0	 0	 0	35483
200.0000	3600.0000	 0	 0	 0	 0	96796
300.0000	400.0000	 0	 0	 0	 0	30574
300.0000	500.0000	 0	 0	 0	 0	93622
300.0000	600.0000	 0	 0	 0	 0	14136
300.0000	700.0000	 0	 0	 0	 0	53502
300.0000	800.0000	 0	 0	 0	 0	92292
300.0000	900.0000	 0	 0	 0	 0	64752
300.0000	1000.0000	 0	 0	 0	 0	81178
300.0000	1100.0000	 0	 0	 0	 0	86618
300.0000	1200.0000	 0	 0	 0	 0	83819
300.0000	1300.0000	 0	 0	 0	 0	77196
300.0000	1400.0000	 0	 0	 0	 0	14734
300.0000	1500.0000	 0	 0	 0	 0	69606
300.0000	1600.0000	 0	 0	 0	 0	70024
300.0000	1700.0000	 0	 0	 0	 0	17331
300.0000	1800.0000	 0	 0	 0	 0	65084
300.0000	1900.0000	 0	 0	 0	 0	81966
300.0000	2000.0000	 0	 0	 0	 0	12598
300.0000	2100.0000	 0	 0	 0	 0	59629
300.0000	2200.0000	 0	 0	 0	 0	88688
300.0000	2300.0000	 0	 0	 0	 0	74769
300.0000	2400.0000	 0	 0	 0	 0	24459
300.0000	2500.0000	 0	 0	 0	 0	17740
300.0000	2600.0000	 0	 0	 0	 0	35130
300.0000	2700.0000	 0	 0	 0	 0	47353
300.0000	2800.0000	 0	 0	 0	 0	4689
300.0000	2900.0000	 0	 0	 0	 0	46095
300.0000	3000.0000	 0	 0	 0	 0	38397
300.0000	3100.0000	 0	 0	 0	 0	90935
300.0000	3200.0000	 0	 0	 0	 0	78987
300.0000	3300.0000	 0	 0	 0	 0	42150
300.0000	3400.0000	 0	 0	 0	 0	39404
300.0000	3500.0000	 0	 0	 0	 0	10293
400.0000	400.0000	 0	 0	 0	 0	71580
400.0000	500.0000	 0	 0	 0	 0	24713
400.0000	600.0000	 0	 0	 0	 0	34758
400.0000	700.0000	 0	 0	 0	 0	12031
400.0000	800.0000	 0	 0	 0	 0	42859
400.0000	900.0000	 0	 0	 0	 0	57026
400.0000	1000.0000	 0	 0	 0	 0	66249
400.0000	1100.0000	 0	 0	 0	 0	37873
400.0000	1200.0000	 0	 0	 0	 0	17157
400.0000	1300.0000	 0	 0	 0	 0	60587
400.0000	1400.0000	 0	 0	 0	 0	30447
400.0000	1500.0000	 0	 0	 0	 0	43904
400.0000	1600.0000	 0	 0	 0	 0	20942
400.0000	1700.0000	 0	 0	 0	 0	17926
400.0000	1800.0000	 0	 0	 0	 0	47846
400.0000	1900.0000	 0	 0	 0	 0	22947
400.0000	2000.0000	 0	 0	 0	 0	79158
400.0000	2100.0000	 0	 0	 0	 0	97831
400.0000	2200.0000	 0	 0	 0	 0	49114
400.0000	2300.0000	 0	 0	 0	 0	39835
400.0000	2400.0000	 0	 0	 0	 0	71345
400.0000	2500.0000	 0	 0	 0	 0	84141
400.0000	2600.0000	 0	 0	 0	 0	28795
400.0000	2700.0000	 0	 0	 0	 0	92333
400.0000	2800.0000	 0	 0	 0	 0	9230
400.0000	2900.0000	 0	 0	 0	 0	78987
400.0000	3000.0000	 0	 0	 0	 0	30261
400.0000	3100.0000	 0	 0	 0	 0	67449
400.0000	3200.0000	 0	 0	 0	 0	28113
400.0000	3300.0000	 0	 0	 0	 0	33534
400.0000	3400.0000	 0	 0	 0	 0	93538
400.0000	3500.0000	 0	 0	 0	 0	12161
400.0000	3600.0000	 0	 0	 0	 0	44440
500.0000	1500.0000	 0	 0	 0	 0	77125
500.0000	1829.0000	 0	 0	 0	 0	42298
500.0000	3100.0000	 0	 0	 0	 0	74267
600.0000	400.0000	 0	 0	 0	 0	98246
700.0000	300.0000	 0	 0	 0	 0	10342
700.0000	600.0000	 0	 0	 0	 0	52548
700.0000	1500.0000	 0	 0	 0	 0	27692
700.0000	1600.0000	 0	 0	 0	 0	12722
700.0000	1800.0000	 0	 0	 0	 0	34414
700.0000	2100.0000	 0	 0	 0	 0	51234
700.0000	2400.0000	 0	 0	 0	 0	73787
700.0000	2700.0000	 0	 0	 0	 0	100437
700.0000	3000.0000	 0	 0	 0	 0	66972
700.0000	3300.0000	 0	 0	 0	 0	4466
700.0000	3600.0000	 0	 0	 0	 0	90938
800.0000	300.0000	 0	 0	 0	 0	25122
800.0000	600.0000	 0	 0	 0	 0	21177
800.0000	1030.0000	 0	 0	 0	 0	57559
800.0000	1500.0000	 0	 0	 0	 0	39546
800.0000	1800.0000	 0	 0	 0	 0	87492
800.0000	2100.0000	 0	 0	 0	 0	23182
800.0000	2400.0000	 0	 0	 0	 0	47704
800.0000	2600.0000	 0	 0	 0	 0	14972
800.0000	2700.0000	 0	 0	 0	 0	12837
800.0000	3000.0000	 0	 0	 0	 0	101389
800.0000	3300.0000	 0	 0	 0	 0	93464
800.0000	3600.0000	 0	 0	 0	 0	15013
900.0000	300.0000	 0	 0	 0	 0	16677
900.0000	600.0000	 0	 0	 0	 0	48832
900.0000	1500.0000	 0	 0	 0	 0	55498
900.0000	1800.0000	 0	 0	 0	 0	47180
900.0000	2100.0000	 0	 0	 0	 0	38638
900.0000	2400.0000	 0	 0	 0	 0	7804
900.0000	2700.0000	 0	 0	 0	 0	80422
900.0000	3000.0000	 0	 0	 0	 0	33057
900.0000	3300.0000	 0	 0	 0	 0	92860
900.0000	3600.0000	 0	 0	 0	 0	40662
1000.0000	300.0000	 0	 0	 0	 0	22249
1000.0000	600.0000	 0	 0	 0	 0	33388
1000.0000	1100.0000	 0	 0	 0	 0	62413
1000.0000	1500.0000	 0	 0	 0	 0	48398
1000.0000	1629.0000	 0	 0	 0	 0	54906
1000.0000	1800.0000	 0	 0	 0	 0	48110
1000.0000	2100.0000	 0	 0	 0	 0	58021
1000.0000	2400.0000	 0	 0	 0	 0	27332
1000.0000	2600.0000	 0	 0	 0	 0	67077
1000.0000	2700.0000	 0	 0	 0	 0	16503
1000.0000	3000.0000	 0	 0	 0	 0	74850
1000.0000	3300.0000	 0	 0	 0	 0	95980
1000.0000	3600.0000	 0	 0	 0	 0	51379
1100.0000	300.0000	 0	 0	 0	 0	84141
1100.0000	600.0000	 0	 0	 0	 0	67570
1100.0000	700.0000	 0	 0	 0	 0	79359
1100.0000	900.0000	 0	 0	 0	 0	94651
1100.0000	1500.0000	 0	 0	 0	 0	35375
1100.0000	1800.0000	 0	 0	 0	 0	91505
1100.0000	2100.0000	 0	 0	 0	 0	12267
1100.0000	2400.0000	 0	 0	 0	 0	48720
1100.0000	2700.0000	 0	 0	 0	 0	90653
1100.0000	3000.0000	 0	 0	 0	 0	5225
1100.0000	3300.0000	 0	 0	 0	 0	28665
1100.0000	3600.0000	 0	 0	 0	 0	27258
1200.0000	300.0000	 0	 0	 0	 0	37922
1200.0000	600.0000	 0	 0	 0	 0	7190
1200.0000	1500.0000	 0	 0	 0	 0	84647
1200.0000	1700.0000	 0	 0	 0	 0	81708
1200.0000	1800.0000	 0	 0	 0	 0	14477
1200.0000	2100.0000	 0	 0	 0	 0	80078
1200.0000	2400.0000	 0	 0	 0	 0	13237
1200.0000	2700.0000	 0	 0	 0	 0	100335
1200.0000	3000.0000	 0	 0	 0	 0	10060
1200.0000	3300.0000	 0	 0	 0	 0	21648
1200.0000	3600.0000	 0	 0	 0	 0	53862
1300.0000	300.0000	 0	 0	 0	 0	9750
1300.0000	600.0000	 0	 0	 0	 0	87392
1300.0000	700.0000	 0	 0	 0	 0	65292
1300.0000	1130.0000	 0	 0	 0	 0	18933
1300.0000	1500.0000	 0	 0	 0	 0	2836
1300.0000	1800.0000	 0	 0	 0	 0	15772
1300.0000	2100.0000	 0	 0	 0	 0	11569
1300.0000	2200.0000	 0	 0	 0	 0	83949
1300.0000	2400.0000	 0	 0	 0	 0	59946
1300.0000	2700.0000	 0	 0	 0	 0	9310
1300.0000	3000.0000	 0	 0	 0	 0	22113
1300.0000	3300.0000	 0	 0	 0	 0	43337
1300.0000	3600.0000	 0	 0	 0	 0	10590
1400.0000	300.0000	 0	 0	 0	 0	46746
1400.0000	600.0000	 0	 0	 0	 0	83202
1400.0000	930.0000	 0	 0	 0	 0	18428
1400.0000	1500.0000	 0	 0	 0	 0	11886
1400.0000	1800.0000	 0	 0	 0	 0	73725
1400.0000	2000.0000	 0	 0	 0	 0	71738
1400.0000	2100.0000	 0	 0	 0	 0	69160
1400.0000	2400.0000	 0	 0	 0	 0	50496
1400.0000	2500.0000	 0	 0	 0	 0	87848
1400.0000	2700.0000	 0	 0	 0	 0	71310
1400.0000	2820.0000	 0	 0	 0	 0	70948
1400.0000	2900.0000	 0	 0	 0	 0	70787
1400.0000	3000.0000	 0	 0	 0	 0	71611
1400.0000	3300.0000	 0	 0	 0	 0	27593
1400.0000	3600.0000	 0	 0	 0	 0	50366
1500.0000	1500.0000	 0	 0	 0	 0	46830
1500.0000	1800.0000	 0	 0	 0	 0	93703
1500.0000	1900.0000	 0	 0	 0	 0	15617
1500.0000	2100.0000	 0	 0	 0	 0	5309
1500.0000	2400.0000	 0	 0	 0	 0	77645
1500.0000	2700.0000	 0	 0	 0	 0	36053
1500.0000	2800.0000	 0	 0	 0	 0	5049
1500.0000	2860.0000	 0	 0	 0	 0	12546
1500.0000	3000.0000	 0	 0	 0	 0	26387
1500.0000	3300.0000	 0	 0	 0	 0	79545
1500.0000	3600.0000	 0	 0	 0	 0	91378
1600.0000	1100.0000	 0	 0	 0	 0	54630
1600.0000	1300.0000	 0	 0	 0	 0	1568
1600.0000	1500.0000	 0	 0	 0	 0	85530
1600.0000	1800.0000	 0	 0	 0	 0	79086
1600.0000	2100.0000	 0	 0	 0	 0	64396
1600.0000	2400.0000	 0	 0	 0	 0	83949
1600.0000	2700.0000	 0	 0	 0	 0	21645
1600.0000	3000.0000	 0	 0	 0	 0	95664
1600.0000	3300.0000	 0	 0	 0	 0	25181
1600.0000	3600.0000	 0	 0	 0	 0	89308
1700.0000	1200.0000	 0	 0	 0	 0	76818
1700.0000	1500.0000	 0	 0	 0	 0	5393
1700.0000	1800.0000	 0	 0	 0	 0	15722
1700.0000	2100.0000	 0	 0	 0	 0	5039
1700.0000	2400.0000	 0	 0	 0	 0	75101
1700.0000	3600.0000	 0	 0	 0	 0	12645
1800.0000	300.0000	 0	 0	 0	 0	37839
1800.0000	600.0000	 0	 0	 0	 0	62747
1800.0000	1230.0000	 0	 0	 0	 0	82995
1800.0000	1500.0000	 0	 0	 0	 0	20523
1800.0000	1800.0000	 0	 0	 0	 0	23650
1800.0000	2100.0000	 0	 0	 0	 0	69234
1800.0000	2400.0000	 0	 0	 0	 0	93430
1900.0000	300.0000	 0	 0	 0	 0	33038
1900.0000	600.0000	 0	 0	 0	 0	63531
1900.0000	3000.0000	 0	 0	 0	 0	4729
1900.0000	3520.0000	 0	 0	 0	 0	71741
2000.0000	300.0000	 0	 0	 0	 0	80627
2000.0000	370.0000	 0	 0	 0	 0	32886
2000.0000	600.0000	 0	 0	 0	 0	88954
2000.0000	800.0000	 0	 0	 0	 0	74853
2000.0000	900.0000	 0	 0	 0	 0	27682
2000.0000	1000.0000	 0	 0	 0	 0	80741
2000.0000	1100.0000	 0	 0	 0	 0	89695
2000.0000	1200.0000	 0	 0	 0	 0	2507
2000.0000	1300.0000	 0	 0	 0	 0	77652
2000.0000	1400.0000	 0	 0	 0	 0	41105
2000.0000	1500.0000	 0	 0	 0	 0	35071
2000.0000	1600.0000	 0	 0	 0	 0	11963
2000.0000	1700.0000	 0	 0	 0	 0	100149
2000.0000	1800.0000	 0	 0	 0	 0	42571
2000.0000	1900.0000	 0	 0	 0	 0	73136
2000.0000	2000.0000	 0	 0	 0	 0	37972
2000.0000	2100.0000	 0	 0	 0	 0	17455
2000.0000	2200.0000	 0	 0	 0	 0	72383
2000.0000	2300.0000	 0	 0	 0	 0	15078
2000.0000	2400.0000	 0	 0	 0	 0	58712
2000.0000	2500.0000	 0	 0	 0	 0	85697
2000.0000	2600.0000	 0	 0	 0	 0	59629
2000.0000	2700.0000	 0	 0	 0	 0	63175
2000.0000	2800.0000	 0	 0	 0	 0	57283
2000.0000	2900.0000	 0	 0	 0	 0	58300
2000.0000	3000.0000	 0	 0	 0	 0	61740
2000.0000	3100.0000	 0	 0	 0	 0	10079
2000.0000	3500.0000	 0	 0	 0	 0	100800
2100.0000	300.0000	 0	 0	 0	 0	27717
2100.0000	600.0000	 0	 0	 0	 0	87820
2100.0000	3200.0000	 0	 0	 0	 0	35390
2200.0000	300.0000	 0	 0	 0	 0	95999
2200.0000	469.0000	 0	 0	 0	 0	3449
2200.0000	600.0000	 0	 0	 0	 0	57073
2200.0000	3200.0000	 0	 0	 0	 0	81476
2300.0000	300.0000	 0	 0	 0	 0	49625
2300.0000	600.0000	 0	 0	 0	 0	6759
2300.0000	3400.0000	 0	 0	 0	 0	35065
2400.0000	300.0000	 0	 0	 0	 0	20477
2400.0000	600.0000	 0	 0	 0	 0	87839
2400.0000	2100.0000	 0	 0	 0	 0	75950
2500.0000	300.0000	 0	 0	 0	 0	27546
2500.0000	800.0000	 0	 0	 0	 0	31792
2600.0000	400.0000	 0	 0	 0	 0	47378
2600.0000	500.0000	 0	 0	 0	 0	33013
2600.0000	800.0000	 0	 0	 0	 0	83810
2600.0000	900.0000	 0	 0	 0	 0	50673
2600.0000	1000.0000	 0	 0	 0	 0	25346
2600.0000	1100.0000	 0	 0	 0	 0	30400
2600.0000	1200.0000	 0	 0	 0	 0	90901
2600.0000	1300.0000	 0	 0	 0	 0	42949
2600.0000	1400.0000	 0	 0	 0	 0	75501
2600.0000	1500.0000	 0	 0	 0	 0	2290
2600.0000	1600.0000	 0	 0	 0	 0	10686
2600.0000	1700.0000	 0	 0	 0	 0	68124
2600.0000	1800.0000	 0	 0	 0	 0	31687
2600.0000	1900.0000	 0	 0	 0	 0	54661
2600.0000	2000.0000	 0	 0	 0	 0	42574
2600.0000	2100.0000	 0	 0	 0	 0	57823
2600.0000	2200.0000	 0	 0	 0	 0	83608
2600.0000	2300.0000	 0	 0	 0	 0	20114
2600.0000	2400.0000	 0	 0	 0	 0	42205
2600.0000	2500.0000	 0	 0	 0	 0	99842
2600.0000	2600.0000	 0	 0	 0	 0	38933
2600.0000	2700.0000	 0	 0	 0	 0	8585
2600.0000	2800.0000	 0	 0	 0	 0	14613
2600.0000	2900.0000	 0	 0	 0	 0	37696
2600.0000	3000.0000	 0	 0	 0	 0	29567
2600.0000	3100.0000	 0	 0	 0	 0	78417
2600.0000	3400.0000	 0	 0	 0	 0	98231
2700.0000	700.0000	 0	 0	 0	 0	89881
2700.0000	800.0000	 0	 0	 0	 0	88356
2700.0000	900.0000	 0	 0	 0	 0	46433
2700.0000	1000.0000	 0	 0	 0	 0	30180
2700.0000	1100.0000	 0	 0	 0	 0	80084
2700.0000	1200.0000	 0	 0	 0	 0	33797
2700.0000	1300.0000	 0	 0	 0	 0	100369
2700.0000	1400.0000	 0	 0	 0	 0	63733
2700.0000	1500.0000	 0	 0	 0	 0	99693
2700.0000	1600.0000	 0	 0	 0	 0	34104
2700.0000	1700.0000	 0	 0	 0	 0	84117
2700.0000	1800.0000	 0	 0	 0	 0	78541
2700.0000	1900.0000	 0	 0	 0	 0	92249
2700.0000	2000.0000	 0	 0	 0	 0	38514
2700.0000	2100.0000	 0	 0	 0	 0	48671
2700.0000	2200.0000	 0	 0	 0	 0	73223
2700.0000	2300.0000	 0	 0	 0	 0	64133
2700.0000	2500.0000	 0	 0	 0	 0	71986
2700.0000	2600.0000	 0	 0	 0	 0	40780
2700.0000	2700.0000	 0	 0	 0	 0	101159
2700.0000	2800.0000	 0	 0	 0	 0	35957
2700.0000	2900.0000	 0	 0	 0	 0	88992
2700.0000	3000.0000	 0	 0	 0	 0	97326
2700.0000	3100.0000	 0	 0	 0	 0	96988
2700.0000	3200.0000	 0	 0	 0	 0	17204
2700.0000	3300.0000	 0	 0	 0	 0	62323
2700.0000	3400.0000	 0	 0	 0	 0	42308
2700.0000	3500.0000	 0	 0	 0	 0	92085
2700.0000	3600.0000	 0	 0	 0	 0	32610
2700.0000	3700.0000	 0	 0	 0	 0	18177
2700.0000	3800.0000	 0	 0	 0	 0	54448
2800.0000	900.0000	 0	 0	 0	 0	47803
2800.0000	1130.0000	 0	 0	 0	 0	76570
2900.0000	400.0000	 0	 0	 0	 0	84123
2900.0000	500.0000	 0	 0	 0	 0	78984
2900.0000	1400.0000	 0	 0	 0	 0	7884
2900.0000	2400.0000	 0	 0	 0	 0	24072
2900.0000	3000.0000	 0	 0	 0	 0	58024
3000.0000	700.0000	 0	 0	 0	 0	67195
3000.0000	800.0000	 0	 0	 0	 0	1900
3000.0000	900.0000	 0	 0	 0	 0	85344
3000.0000	1000.0000	 0	 0	 0	 0	87975
3000.0000	1100.0000	 0	 0	 0	 0	31256
3000.0000	1200.0000	 0	 0	 0	 0	96517
3000.0000	1300.0000	 0	 0	 0	 0	4720
3000.0000	1500.0000	 0	 0	 0	 0	41697
3000.0000	1600.0000	 0	 0	 0	 0	69947
3000.0000	1700.0000	 0	 0	 0	 0	26399
3000.0000	1800.0000	 0	 0	 0	 0	28219
3000.0000	1900.0000	 0	 0	 0	 0	69414
3000.0000	2000.0000	 0	 0	 0	 0	63683
3000.0000	2100.0000	 0	 0	 0	 0	20226
3000.0000	2200.0000	 0	 0	 0	 0	12347
3000.0000	2300.0000	 0	 0	 0	 0	40306
3000.0000	2500.0000	 0	 0	 0	 0	6877
3000.0000	2600.0000	 0	 0	 0	 0	19435
3000.0000	2700.0000	 0	 0	 0	 0	3313
3000.0000	2800.0000	 0	 0	 0	 0	51844
3000.0000	2900.0000	 0	 0	 0	 0	66758
3000.0000	3000.0000	 0	 0	 0	 0	22231
3000.0000	3100.0000	 0	 0	 0	 0	80927
3000.0000	3200.0000	 0	 0	 0	 0	98296
3000.0000	3300.0000	 0	 0	 0	 0	16398
3000.0000	3400.0000	 0	 0	 0	 0	70762
3000.0000	3500.0000	 0	 0	 0	 0	54355
3000.0000	3600.0000	 0	 0	 0	 0	82198
3000.0000	3700.0000	 0	 0	 0	 0	76232
3000.0000	3800.0000	 0	 0	 0	 0	75026
150.0000	3500.0000	 0	 0	 0	 0	53797
150.0000	3550.0000	 0	 0	 0	 0	83091
469.0000	2550.0000	 0	 0	 0	 0	69779
469.0000	3350.0000	 0	 0	 0	 0	22606
469.0000	3450.0000	 0	 0	 0	 0	66361
540.0000	2330.0000	 0	 0	 0	 0	36137
540.0000	2430.0000	 0	 0	 0	 0	45004
620.0000	3650.0000	 0	 0	 0	 0	56887
620.0000	3709.0000	 0	 0	 0	 0	69581
750.0000	2550.0000	 0	 0	 0	 0	55222
850.0000	520.0000	 0	 0	 0	 0	79440
850.0000	700.0000	 0	 0	 0	 0	58771
850.0000	2280.0000	 0	 0	 0	 0	29430
939.0000	740.0000	 0	 0	 0	 0	45311
950.0000	2220.0000	 0	 0	 0	 0	84721
910.0000	2600.0000	 0	 0	 0	 0	42677
1050.0000	1050.0000	 0	 0	 0	 0	96108
1150.0000	1350.0000	 0	 0	 0	 0	41815
1170.0000	2280.0000	 0	 0	 0	 0	70719
1220.0000	2210.0000	 0	 0	 0	 0	87752
1350.0000	750.0000	 0	 0	 0	 0	61365
1350.0000	1700.0000	 0	 0	 0	 0	23291
1350.0000	2140.0000	 0	 0	 0	 0	59942
1450.0000	770.0000	 0	 0	 0	 0	99532
1550.0000	300.0000	 0	 0	 0	 0	35496
1550.0000	500.0000	 0	 0	 0	 0	25869
1550.0000	1850.0000	 0	 0	 0	 0	10906
1650.0000	1050.0000	 0	 0	 0	 0	52579
1690.0000	2680.0000	 0	 0	 0	 0	87529
1710.0000	310.0000	 0	 0	 0	 0	16662
1710.0000	510.0000	 0	 0	 0	 0	58238
1750.0000	750.0000	 0	 0	 0	 0	95265
1790.0000	2580.0000	 0	 0	 0	 0	95894
1720.0000	2610.0000	 0	 0	 0	 0	49814
1790.0000	3330.0000	 0	 0	 0	 0	6397
1720.0000	3409.0000	 0	 0	 0	 0	50205
1829.0000	2700.0000	 0	 0	 0	 0	91964
1829.0000	2800.0000	 0	 0	 0	 0	60999
1829.0000	3450.0000	 0	 0	 0	 0	9747
2060.0000	1650.0000	 0	 0	 0	 0	27211
2050.0000	3150.0000	 0	 0	 0	 0	7977
2170.0000	1900.0000	 0	 0	 0	 0	27047
2110.0000	2000.0000	 0	 0	 0	 0	55548
2120.0000	2750.0000	 0	 0	 0	 0	57404
2150.0000	3250.0000	 0	 0	 0	 0	25742
2290.0000	1400.0000	 0	 0	 0	 0	49594
2220.0000	2820.0000	 0	 0	 0	 0	81107
2280.0000	3250.0000	 0	 0	 0	 0	59149
2390.0000	1300.0000	 0	 0	 0	 0	31389
2320.0000	1500.0000	 0	 0	 0	 0	74001
2450.0000	710.0000	 0	 0	 0	 0	68109
2620.0000	3650.0000	 0	 0	 0	 0	75553
2750.0000	520.0000	 0	 0	 0	 0	83481
2760.0000	2360.0000	 0	 0	 0	 0	21022
2850.0000	2200.0000	 0	 0	 0	 0	15738
2850.0000	2700.0000	 0	 0	 0	 0	63082
2850.0000	3350.0000	 0	 0	 0	 0	95082
2930.0000	950.0000	 0	 0	 0	 0	42422
2950.0000	1750.0000	 0	 0	 0	 0	49699
2950.0000	2050.0000	 0	 0	 0	 0	85015
520.0000	3200.0000	 0	 0	 0	 0	27748
2300.0000	3500.0000	 0	 0	 0	 0	53254
2320.0000	3150.0000	 0	 0	 0	 0	60928
530.0000	2100.0000	 0	 0	 0	 0	87767
2550.0000	710.0000	 0	 0	 0	 0	16699
750.0000	490.0000	 0	 0	 0	 0	79908
0.0000	0.0000	 0	 0	 0	 0	45078
