<DIMENSION> 124
<VEHICLE_CAPACITY>	100
<NUMBER_OF_VEHICLES>	22
<TIME_HORIZON>	294587
<VERTICES> XCOORD - YCOORD - DEMAND - OPENING_TW - CLOSING_TW - SERVICE_TIME - RELEASE DATE </VERTICES>
4475.0000	8657.0000	 0	 0	 0	 0	 0
4475.0000	8969.0000	 0	 0	 0	 0	173
4475.0000	9407.0000	 0	 0	 0	 0	25927
4475.0000	9719.0000	 0	 0	 0	 0	33485
5450.0000	10475.0000	 0	 0	 0	 0	32754
5475.0000	9750.0000	 0	 0	 0	 0	25332
5475.0000	8650.0000	 0	 0	 0	 0	84946
4575.0000	8425.0000	 0	 0	 0	 0	63779
5425.0000	3300.0000	 0	 0	 0	 0	84679
5425.0000	3000.0000	 0	 0	 0	 0	98060
5425.0000	2400.0000	 0	 0	 0	 0	43840
5425.0000	2100.0000	 0	 0	 0	 0	19488
5425.0000	1800.0000	 0	 0	 0	 0	101721
6000.0000	2375.0000	 0	 0	 0	 0	7289
6375.0000	2375.0000	 0	 0	 0	 0	61797
6000.0000	3375.0000	 0	 0	 0	 0	77743
6375.0000	3375.0000	 0	 0	 0	 0	8643
6475.0000	4675.0000	 0	 0	 0	 0	85976
6475.0000	4875.0000	 0	 0	 0	 0	57737
6475.0000	5275.0000	 0	 0	 0	 0	30585
6475.0000	5475.0000	 0	 0	 0	 0	71042
6100.0000	6675.0000	 0	 0	 0	 0	80900
6350.0000	6675.0000	 0	 0	 0	 0	46110
6350.0000	7275.0000	 0	 0	 0	 0	4194
6100.0000	7275.0000	 0	 0	 0	 0	51096
6550.0000	7625.0000	 0	 0	 0	 0	106278
5775.0000	8650.0000	 0	 0	 0	 0	6237
6075.0000	8650.0000	 0	 0	 0	 0	98255
6375.0000	8650.0000	 0	 0	 0	 0	68091
6375.0000	9750.0000	 0	 0	 0	 0	24990
6075.0000	9750.0000	 0	 0	 0	 0	100510
5775.0000	9750.0000	 0	 0	 0	 0	41250
6975.0000	9750.0000	 0	 0	 0	 0	112526
6675.0000	9750.0000	 0	 0	 0	 0	35543
6675.0000	8650.0000	 0	 0	 0	 0	108837
6875.0000	8650.0000	 0	 0	 0	 0	16433
6850.0000	7275.0000	 0	 0	 0	 0	62197
6600.0000	7275.0000	 0	 0	 0	 0	107291
6600.0000	6675.0000	 0	 0	 0	 0	75275
6850.0000	6675.0000	 0	 0	 0	 0	94371
7100.0000	5425.0000	 0	 0	 0	 0	100694
7100.0000	5275.0000	 0	 0	 0	 0	97441
7100.0000	5075.0000	 0	 0	 0	 0	89741
7100.0000	4875.0000	 0	 0	 0	 0	17128
7100.0000	4675.0000	 0	 0	 0	 0	80918
6925.0000	3300.0000	 0	 0	 0	 0	81404
6925.0000	3000.0000	 0	 0	 0	 0	20147
6925.0000	2700.0000	 0	 0	 0	 0	75661
6925.0000	2400.0000	 0	 0	 0	 0	95286
6925.0000	2100.0000	 0	 0	 0	 0	14646
6925.0000	1800.0000	 0	 0	 0	 0	69320
7700.0000	3725.0000	 0	 0	 0	 0	103101
7850.0000	3700.0000	 0	 0	 0	 0	86920
7700.0000	4725.0000	 0	 0	 0	 0	28434
7750.0000	7475.0000	 0	 0	 0	 0	20623
8125.0000	7525.0000	 0	 0	 0	 0	40839
8500.0000	7475.0000	 0	 0	 0	 0	55049
8500.0000	8225.0000	 0	 0	 0	 0	5451
7600.0000	9025.0000	 0	 0	 0	 0	53586
8350.0000	9025.0000	 0	 0	 0	 0	44636
7975.0000	9075.0000	 0	 0	 0	 0	105713
8350.0000	9775.0000	 0	 0	 0	 0	91824
9375.0000	11225.0000	 0	 0	 0	 0	49000
9531.0000	11225.0000	 0	 0	 0	 0	45807
9475.0000	10275.0000	 0	 0	 0	 0	11965
9275.0000	10050.0000	 0	 0	 0	 0	83213
10375.0000	9525.0000	 0	 0	 0	 0	28730
9687.0000	11225.0000	 0	 0	 0	 0	40407
9843.0000	11225.0000	 0	 0	 0	 0	13986
9999.0000	11225.0000	 0	 0	 0	 0	49825
10155.0000	11225.0000	 0	 0	 0	 0	66293
10311.0000	11225.0000	 0	 0	 0	 0	77016
10467.0000	11225.0000	 0	 0	 0	 0	44028
10623.0000	11225.0000	 0	 0	 0	 0	19946
10779.0000	11225.0000	 0	 0	 0	 0	70433
10935.0000	11225.0000	 0	 0	 0	 0	35395
11091.0000	11225.0000	 0	 0	 0	 0	51039
11247.0000	11225.0000	 0	 0	 0	 0	24345
11403.0000	11225.0000	 0	 0	 0	 0	20839
11559.0000	11225.0000	 0	 0	 0	 0	55622
11175.0000	9800.0000	 0	 0	 0	 0	26676
11275.0000	9475.0000	 0	 0	 0	 0	92022
10650.0000	9400.0000	 0	 0	 0	 0	113729
11275.0000	9175.0000	 0	 0	 0	 0	57095
11125.0000	5350.0000	 0	 0	 0	 0	46308
11025.0000	4750.0000	 0	 0	 0	 0	82939
11000.0000	4600.0000	 0	 0	 0	 0	97815
11000.0000	3600.0000	 0	 0	 0	 0	33475
11650.0000	3350.0000	 0	 0	 0	 0	107338
11725.0000	4825.0000	 0	 0	 0	 0	10729
12500.0000	5950.0000	 0	 0	 0	 0	91824
11715.0000	11225.0000	 0	 0	 0	 0	35179
11871.0000	11225.0000	 0	 0	 0	 0	78410
12027.0000	11225.0000	 0	 0	 0	 0	32682
12183.0000	11225.0000	 0	 0	 0	 0	38983
12339.0000	11225.0000	 0	 0	 0	 0	108739
12495.0000	11225.0000	 0	 0	 0	 0	14138
12651.0000	11225.0000	 0	 0	 0	 0	51662
12807.0000	11225.0000	 0	 0	 0	 0	89658
12963.0000	11225.0000	 0	 0	 0	 0	49172
13325.0000	6100.0000	 0	 0	 0	 0	86336
13100.0000	4625.0000	 0	 0	 0	 0	114212
12825.0000	3800.0000	 0	 0	 0	 0	12023
12850.0000	2425.0000	 0	 0	 0	 0	61087
13585.0000	1975.0000	 0	 0	 0	 0	32192
13585.0000	2131.0000	 0	 0	 0	 0	14790
13585.0000	2287.0000	 0	 0	 0	 0	40007
13585.0000	2443.0000	 0	 0	 0	 0	59560
13585.0000	2599.0000	 0	 0	 0	 0	85778
13585.0000	2755.0000	 0	 0	 0	 0	116759
13585.0000	2911.0000	 0	 0	 0	 0	77855
13585.0000	3067.0000	 0	 0	 0	 0	5192
13585.0000	3223.0000	 0	 0	 0	 0	105716
13585.0000	3379.0000	 0	 0	 0	 0	29205
13585.0000	9615.0000	 0	 0	 0	 0	24619
13585.0000	9771.0000	 0	 0	 0	 0	66913
13585.0000	9927.0000	 0	 0	 0	 0	45973
13585.0000	10083.0000	 0	 0	 0	 0	101710
13585.0000	10239.0000	 0	 0	 0	 0	26950
13585.0000	10395.0000	 0	 0	 0	 0	55456
13585.0000	10551.0000	 0	 0	 0	 0	17406
13585.0000	10707.0000	 0	 0	 0	 0	14923
13585.0000	10863.0000	 0	 0	 0	 0	117865
13585.0000	11019.0000	 0	 0	 0	 0	108653
