<DIMENSION> 124
<VEHICLE_CAPACITY>	100
<NUMBER_OF_VEHICLES>	22
<TIME_HORIZON>	427036
<VERTICES> XCOORD - YCOORD - DEMAND - OPENING_TW - CLOSING_TW - SERVICE_TIME - RELEASE DATE </VERTICES>
4475.0000	8657.0000	 0	 0	 0	 0	 0
4475.0000	8969.0000	 0	 0	 0	 0	216
4475.0000	9407.0000	 0	 0	 0	 0	32408
4475.0000	9719.0000	 0	 0	 0	 0	41857
5450.0000	10475.0000	 0	 0	 0	 0	40943
5475.0000	9750.0000	 0	 0	 0	 0	31665
5475.0000	8650.0000	 0	 0	 0	 0	106182
4575.0000	8425.0000	 0	 0	 0	 0	79723
5425.0000	3300.0000	 0	 0	 0	 0	105849
5425.0000	3000.0000	 0	 0	 0	 0	122575
5425.0000	2400.0000	 0	 0	 0	 0	54800
5425.0000	2100.0000	 0	 0	 0	 0	24360
5425.0000	1800.0000	 0	 0	 0	 0	127151
6000.0000	2375.0000	 0	 0	 0	 0	9111
6375.0000	2375.0000	 0	 0	 0	 0	77246
6000.0000	3375.0000	 0	 0	 0	 0	97179
6375.0000	3375.0000	 0	 0	 0	 0	10804
6475.0000	4675.0000	 0	 0	 0	 0	107470
6475.0000	4875.0000	 0	 0	 0	 0	72171
6475.0000	5275.0000	 0	 0	 0	 0	38231
6475.0000	5475.0000	 0	 0	 0	 0	88803
6100.0000	6675.0000	 0	 0	 0	 0	101125
6350.0000	6675.0000	 0	 0	 0	 0	57637
6350.0000	7275.0000	 0	 0	 0	 0	5242
6100.0000	7275.0000	 0	 0	 0	 0	63871
6550.0000	7625.0000	 0	 0	 0	 0	132848
5775.0000	8650.0000	 0	 0	 0	 0	7796
6075.0000	8650.0000	 0	 0	 0	 0	122819
6375.0000	8650.0000	 0	 0	 0	 0	85114
6375.0000	9750.0000	 0	 0	 0	 0	31237
6075.0000	9750.0000	 0	 0	 0	 0	125638
5775.0000	9750.0000	 0	 0	 0	 0	51562
6975.0000	9750.0000	 0	 0	 0	 0	140657
6675.0000	9750.0000	 0	 0	 0	 0	44428
6675.0000	8650.0000	 0	 0	 0	 0	136046
6875.0000	8650.0000	 0	 0	 0	 0	20541
6850.0000	7275.0000	 0	 0	 0	 0	77746
6600.0000	7275.0000	 0	 0	 0	 0	134114
6600.0000	6675.0000	 0	 0	 0	 0	94094
6850.0000	6675.0000	 0	 0	 0	 0	117964
7100.0000	5425.0000	 0	 0	 0	 0	125867
7100.0000	5275.0000	 0	 0	 0	 0	121801
7100.0000	5075.0000	 0	 0	 0	 0	112176
7100.0000	4875.0000	 0	 0	 0	 0	21410
7100.0000	4675.0000	 0	 0	 0	 0	101147
6925.0000	3300.0000	 0	 0	 0	 0	101755
6925.0000	3000.0000	 0	 0	 0	 0	25184
6925.0000	2700.0000	 0	 0	 0	 0	94576
6925.0000	2400.0000	 0	 0	 0	 0	119108
6925.0000	2100.0000	 0	 0	 0	 0	18307
6925.0000	1800.0000	 0	 0	 0	 0	86650
7700.0000	3725.0000	 0	 0	 0	 0	128876
7850.0000	3700.0000	 0	 0	 0	 0	108650
7700.0000	4725.0000	 0	 0	 0	 0	35543
7750.0000	7475.0000	 0	 0	 0	 0	25779
8125.0000	7525.0000	 0	 0	 0	 0	51049
8500.0000	7475.0000	 0	 0	 0	 0	68811
8500.0000	8225.0000	 0	 0	 0	 0	6814
7600.0000	9025.0000	 0	 0	 0	 0	66983
8350.0000	9025.0000	 0	 0	 0	 0	55795
7975.0000	9075.0000	 0	 0	 0	 0	132141
8350.0000	9775.0000	 0	 0	 0	 0	114780
9375.0000	11225.0000	 0	 0	 0	 0	61249
9531.0000	11225.0000	 0	 0	 0	 0	57259
9475.0000	10275.0000	 0	 0	 0	 0	14957
9275.0000	10050.0000	 0	 0	 0	 0	104016
10375.0000	9525.0000	 0	 0	 0	 0	35912
9687.0000	11225.0000	 0	 0	 0	 0	50508
9843.0000	11225.0000	 0	 0	 0	 0	17483
9999.0000	11225.0000	 0	 0	 0	 0	62281
10155.0000	11225.0000	 0	 0	 0	 0	82867
10311.0000	11225.0000	 0	 0	 0	 0	96270
10467.0000	11225.0000	 0	 0	 0	 0	55034
10623.0000	11225.0000	 0	 0	 0	 0	24932
10779.0000	11225.0000	 0	 0	 0	 0	88041
10935.0000	11225.0000	 0	 0	 0	 0	44244
11091.0000	11225.0000	 0	 0	 0	 0	63798
11247.0000	11225.0000	 0	 0	 0	 0	30431
11403.0000	11225.0000	 0	 0	 0	 0	26049
11559.0000	11225.0000	 0	 0	 0	 0	69527
11175.0000	9800.0000	 0	 0	 0	 0	33345
11275.0000	9475.0000	 0	 0	 0	 0	115027
10650.0000	9400.0000	 0	 0	 0	 0	142162
11275.0000	9175.0000	 0	 0	 0	 0	71369
11125.0000	5350.0000	 0	 0	 0	 0	57885
11025.0000	4750.0000	 0	 0	 0	 0	103674
11000.0000	4600.0000	 0	 0	 0	 0	122269
11000.0000	3600.0000	 0	 0	 0	 0	41843
11650.0000	3350.0000	 0	 0	 0	 0	134172
11725.0000	4825.0000	 0	 0	 0	 0	13412
12500.0000	5950.0000	 0	 0	 0	 0	114780
11715.0000	11225.0000	 0	 0	 0	 0	43973
11871.0000	11225.0000	 0	 0	 0	 0	98013
12027.0000	11225.0000	 0	 0	 0	 0	40852
12183.0000	11225.0000	 0	 0	 0	 0	48729
12339.0000	11225.0000	 0	 0	 0	 0	135924
12495.0000	11225.0000	 0	 0	 0	 0	17672
12651.0000	11225.0000	 0	 0	 0	 0	64578
12807.0000	11225.0000	 0	 0	 0	 0	112073
12963.0000	11225.0000	 0	 0	 0	 0	61466
13325.0000	6100.0000	 0	 0	 0	 0	107921
13100.0000	4625.0000	 0	 0	 0	 0	142765
12825.0000	3800.0000	 0	 0	 0	 0	15029
12850.0000	2425.0000	 0	 0	 0	 0	76359
13585.0000	1975.0000	 0	 0	 0	 0	40240
13585.0000	2131.0000	 0	 0	 0	 0	18487
13585.0000	2287.0000	 0	 0	 0	 0	50008
13585.0000	2443.0000	 0	 0	 0	 0	74450
13585.0000	2599.0000	 0	 0	 0	 0	107222
13585.0000	2755.0000	 0	 0	 0	 0	145949
13585.0000	2911.0000	 0	 0	 0	 0	97319
13585.0000	3067.0000	 0	 0	 0	 0	6490
13585.0000	3223.0000	 0	 0	 0	 0	132146
13585.0000	3379.0000	 0	 0	 0	 0	36506
13585.0000	9615.0000	 0	 0	 0	 0	30773
13585.0000	9771.0000	 0	 0	 0	 0	83641
13585.0000	9927.0000	 0	 0	 0	 0	57466
13585.0000	10083.0000	 0	 0	 0	 0	127138
13585.0000	10239.0000	 0	 0	 0	 0	33687
13585.0000	10395.0000	 0	 0	 0	 0	69320
13585.0000	10551.0000	 0	 0	 0	 0	21757
13585.0000	10707.0000	 0	 0	 0	 0	18654
13585.0000	10863.0000	 0	 0	 0	 0	147332
13585.0000	11019.0000	 0	 0	 0	 0	135816
