<DIMENSION> 136
<VEHICLE_CAPACITY>	100
<NUMBER_OF_VEHICLES>	22
<TIME_HORIZON>	193385
<VERTICES> XCOORD - YCOORD - DEMAND - OPENING_TW - CLOSING_TW - SERVICE_TIME - RELEASE DATE </VERTICES>
5300.0000	1965.0000	 0	 0	 0	 0	 0
7275.0000	1965.0000	 0	 0	 0	 0	142
12450.0000	1965.0000	 0	 0	 0	 0	21252
14425.0000	1965.0000	 0	 0	 0	 0	27447
4118.0000	2275.0000	 0	 0	 0	 0	26848
4743.0000	2275.0000	 0	 0	 0	 0	20764
5935.0000	2275.0000	 0	 0	 0	 0	69629
6560.0000	2275.0000	 0	 0	 0	 0	52278
11268.0000	2275.0000	 0	 0	 0	 0	69410
11893.0000	2275.0000	 0	 0	 0	 0	80379
13085.0000	2275.0000	 0	 0	 0	 0	35935
13710.0000	2275.0000	 0	 0	 0	 0	15974
14425.0000	2590.0000	 0	 0	 0	 0	83379
12450.0000	2590.0000	 0	 0	 0	 0	5974
10250.0000	2675.0000	 0	 0	 0	 0	50654
7275.0000	2590.0000	 0	 0	 0	 0	63725
5300.0000	2590.0000	 0	 0	 0	 0	7085
3100.0000	2675.0000	 0	 0	 0	 0	70473
5300.0000	2760.0000	 0	 0	 0	 0	47326
7275.0000	2760.0000	 0	 0	 0	 0	25070
12450.0000	2760.0000	 0	 0	 0	 0	58232
14425.0000	2760.0000	 0	 0	 0	 0	66312
13710.0000	3075.0000	 0	 0	 0	 0	37796
13085.0000	3075.0000	 0	 0	 0	 0	3438
11893.0000	3075.0000	 0	 0	 0	 0	41883
11268.0000	3075.0000	 0	 0	 0	 0	87115
6560.0000	3075.0000	 0	 0	 0	 0	5112
5935.0000	3075.0000	 0	 0	 0	 0	80538
4743.0000	3075.0000	 0	 0	 0	 0	55813
4118.0000	3075.0000	 0	 0	 0	 0	20484
5300.0000	3385.0000	 0	 0	 0	 0	82387
7275.0000	3385.0000	 0	 0	 0	 0	33812
12450.0000	3385.0000	 0	 0	 0	 0	92236
14425.0000	3385.0000	 0	 0	 0	 0	29134
14425.0000	4515.0000	 0	 0	 0	 0	89212
12450.0000	4515.0000	 0	 0	 0	 0	13470
7275.0000	4515.0000	 0	 0	 0	 0	50982
5300.0000	4515.0000	 0	 0	 0	 0	87945
4118.0000	4825.0000	 0	 0	 0	 0	61702
4743.0000	4825.0000	 0	 0	 0	 0	77354
5935.0000	4825.0000	 0	 0	 0	 0	82537
6560.0000	4825.0000	 0	 0	 0	 0	79871
11268.0000	4825.0000	 0	 0	 0	 0	73559
11893.0000	4825.0000	 0	 0	 0	 0	14040
13085.0000	4825.0000	 0	 0	 0	 0	66327
13710.0000	4825.0000	 0	 0	 0	 0	66726
14425.0000	5140.0000	 0	 0	 0	 0	16515
12450.0000	5140.0000	 0	 0	 0	 0	62018
10250.0000	5225.0000	 0	 0	 0	 0	78105
7275.0000	5140.0000	 0	 0	 0	 0	12005
5300.0000	5140.0000	 0	 0	 0	 0	56820
3100.0000	5225.0000	 0	 0	 0	 0	84510
5300.0000	5310.0000	 0	 0	 0	 0	71247
7275.0000	5310.0000	 0	 0	 0	 0	23307
12450.0000	5310.0000	 0	 0	 0	 0	16904
14425.0000	5310.0000	 0	 0	 0	 0	33475
13710.0000	5625.0000	 0	 0	 0	 0	45123
13085.0000	5625.0000	 0	 0	 0	 0	4468
11893.0000	5625.0000	 0	 0	 0	 0	43924
11268.0000	5625.0000	 0	 0	 0	 0	36588
6560.0000	5625.0000	 0	 0	 0	 0	86651
5935.0000	5625.0000	 0	 0	 0	 0	75266
4743.0000	5625.0000	 0	 0	 0	 0	40164
4118.0000	5625.0000	 0	 0	 0	 0	37548
5300.0000	5935.0000	 0	 0	 0	 0	9808
7275.0000	5935.0000	 0	 0	 0	 0	68208
12450.0000	5935.0000	 0	 0	 0	 0	23549
14425.0000	5935.0000	 0	 0	 0	 0	33121
14425.0000	7065.0000	 0	 0	 0	 0	11465
12450.0000	7065.0000	 0	 0	 0	 0	40840
7275.0000	7065.0000	 0	 0	 0	 0	54340
5300.0000	7065.0000	 0	 0	 0	 0	63129
4118.0000	7375.0000	 0	 0	 0	 0	36089
4743.0000	7375.0000	 0	 0	 0	 0	16349
5935.0000	7375.0000	 0	 0	 0	 0	57733
6560.0000	7375.0000	 0	 0	 0	 0	29013
11268.0000	7375.0000	 0	 0	 0	 0	41836
11893.0000	7375.0000	 0	 0	 0	 0	19955
13085.0000	7375.0000	 0	 0	 0	 0	17082
13710.0000	7375.0000	 0	 0	 0	 0	45592
14425.0000	7690.0000	 0	 0	 0	 0	21866
12450.0000	7690.0000	 0	 0	 0	 0	75429
7275.0000	7690.0000	 0	 0	 0	 0	93222
5300.0000	7690.0000	 0	 0	 0	 0	46800
3100.0000	7775.0000	 0	 0	 0	 0	37958
5300.0000	7860.0000	 0	 0	 0	 0	67984
7275.0000	7860.0000	 0	 0	 0	 0	80178
10250.0000	7775.0000	 0	 0	 0	 0	27439
12450.0000	7860.0000	 0	 0	 0	 0	87983
14425.0000	7860.0000	 0	 0	 0	 0	8795
13710.0000	8175.0000	 0	 0	 0	 0	75266
13085.0000	8175.0000	 0	 0	 0	 0	28836
11893.0000	8175.0000	 0	 0	 0	 0	64272
11268.0000	8175.0000	 0	 0	 0	 0	26789
6560.0000	8175.0000	 0	 0	 0	 0	31954
5935.0000	8175.0000	 0	 0	 0	 0	89132
4743.0000	8175.0000	 0	 0	 0	 0	11589
4118.0000	8175.0000	 0	 0	 0	 0	42347
5300.0000	8485.0000	 0	 0	 0	 0	73492
7275.0000	8485.0000	 0	 0	 0	 0	40306
12450.0000	8485.0000	 0	 0	 0	 0	70769
14425.0000	8485.0000	 0	 0	 0	 0	93618
14425.0000	9615.0000	 0	 0	 0	 0	9855
12450.0000	9615.0000	 0	 0	 0	 0	50072
7275.0000	9615.0000	 0	 0	 0	 0	26387
5300.0000	9615.0000	 0	 0	 0	 0	12123
4118.0000	9925.0000	 0	 0	 0	 0	32793
4743.0000	9925.0000	 0	 0	 0	 0	48820
5935.0000	9925.0000	 0	 0	 0	 0	70311
6560.0000	9925.0000	 0	 0	 0	 0	95706
11268.0000	9925.0000	 0	 0	 0	 0	63817
11893.0000	9925.0000	 0	 0	 0	 0	4256
13085.0000	9925.0000	 0	 0	 0	 0	86654
13710.0000	9925.0000	 0	 0	 0	 0	23939
14425.0000	10240.0000	 0	 0	 0	 0	20180
12450.0000	10240.0000	 0	 0	 0	 0	54848
7275.0000	10240.0000	 0	 0	 0	 0	37683
5300.0000	10240.0000	 0	 0	 0	 0	83370
3100.0000	10325.0000	 0	 0	 0	 0	22090
5300.0000	10410.0000	 0	 0	 0	 0	45456
7275.0000	10410.0000	 0	 0	 0	 0	14267
10250.0000	10325.0000	 0	 0	 0	 0	12232
12450.0000	10410.0000	 0	 0	 0	 0	96613
14425.0000	10410.0000	 0	 0	 0	 0	89061
13710.0000	10725.0000	 0	 0	 0	 0	14306
13085.0000	10725.0000	 0	 0	 0	 0	15891
11893.0000	10725.0000	 0	 0	 0	 0	46531
11268.0000	10725.0000	 0	 0	 0	 0	52884
6560.0000	10725.0000	 0	 0	 0	 0	44957
5935.0000	10725.0000	 0	 0	 0	 0	36818
4743.0000	10725.0000	 0	 0	 0	 0	7436
4118.0000	10725.0000	 0	 0	 0	 0	76634
14425.0000	11035.0000	 0	 0	 0	 0	31499
12450.0000	11035.0000	 0	 0	 0	 0	88485
7275.0000	11035.0000	 0	 0	 0	 0	38747
5300.0000	11035.0000	 0	 0	 0	 0	21201
