<DIMENSION> 144
<VEHICLE_CAPACITY>	100
<NUMBER_OF_VEHICLES>	22
<TIME_HORIZON>	189964
<VERTICES> XCOORD - YCOORD - DEMAND - OPENING_TW - CLOSING_TW - SERVICE_TIME - RELEASE DATE </VERTICES>
4350.0000	4425.0000	 0	 0	 0	 0	 0
4500.0000	4425.0000	 0	 0	 0	 0	129
4300.0000	4725.0000	 0	 0	 0	 0	19282
4300.0000	4825.0000	 0	 0	 0	 0	24904
4300.0000	4950.0000	 0	 0	 0	 0	24360
4300.0000	5050.0000	 0	 0	 0	 0	18840
4350.0000	8875.0000	 0	 0	 0	 0	63177
4500.0000	8875.0000	 0	 0	 0	 0	47434
4300.0000	9175.0000	 0	 0	 0	 0	62979
4300.0000	9275.0000	 0	 0	 0	 0	72931
4300.0000	9400.0000	 0	 0	 0	 0	32606
4300.0000	9500.0000	 0	 0	 0	 0	14494
4950.0000	10600.0000	 0	 0	 0	 0	75653
5150.0000	10600.0000	 0	 0	 0	 0	5421
5525.0000	9525.0000	 0	 0	 0	 0	45961
5525.0000	9425.0000	 0	 0	 0	 0	57821
5525.0000	9225.0000	 0	 0	 0	 0	6428
5525.0000	9125.0000	 0	 0	 0	 0	63944
4950.0000	8875.0000	 0	 0	 0	 0	42941
5250.0000	8875.0000	 0	 0	 0	 0	22747
5550.0000	8875.0000	 0	 0	 0	 0	52837
4950.0000	6150.0000	 0	 0	 0	 0	60168
5150.0000	6150.0000	 0	 0	 0	 0	34294
5525.0000	5075.0000	 0	 0	 0	 0	3119
5525.0000	4975.0000	 0	 0	 0	 0	38002
5525.0000	4775.0000	 0	 0	 0	 0	79043
5525.0000	4675.0000	 0	 0	 0	 0	4638
4950.0000	4425.0000	 0	 0	 0	 0	73076
5250.0000	4425.0000	 0	 0	 0	 0	50642
5550.0000	4425.0000	 0	 0	 0	 0	18586
5875.0000	2325.0000	 0	 0	 0	 0	74753
5875.0000	2475.0000	 0	 0	 0	 0	30679
5875.0000	2625.0000	 0	 0	 0	 0	83690
5875.0000	2775.0000	 0	 0	 0	 0	26434
5675.0000	4825.0000	 0	 0	 0	 0	80946
5675.0000	4925.0000	 0	 0	 0	 0	12222
5875.0000	6775.0000	 0	 0	 0	 0	46258
5875.0000	6925.0000	 0	 0	 0	 0	79796
5875.0000	7075.0000	 0	 0	 0	 0	55985
5875.0000	7225.0000	 0	 0	 0	 0	70187
5675.0000	9275.0000	 0	 0	 0	 0	74890
5675.0000	9375.0000	 0	 0	 0	 0	72470
8125.0000	10150.0000	 0	 0	 0	 0	66744
8225.0000	10150.0000	 0	 0	 0	 0	12739
8325.0000	10150.0000	 0	 0	 0	 0	60181
8125.0000	5700.0000	 0	 0	 0	 0	60543
8225.0000	5700.0000	 0	 0	 0	 0	14984
8325.0000	5700.0000	 0	 0	 0	 0	56272
8675.0000	3150.0000	 0	 0	 0	 0	70868
8675.0000	3250.0000	 0	 0	 0	 0	10893
8675.0000	3350.0000	 0	 0	 0	 0	51556
8675.0000	3450.0000	 0	 0	 0	 0	76680
8675.0000	3550.0000	 0	 0	 0	 0	64646
8675.0000	3650.0000	 0	 0	 0	 0	21147
8675.0000	3750.0000	 0	 0	 0	 0	15338
8675.0000	3850.0000	 0	 0	 0	 0	30373
8675.0000	3950.0000	 0	 0	 0	 0	40942
8675.0000	4050.0000	 0	 0	 0	 0	4054
8425.0000	5700.0000	 0	 0	 0	 0	39854
8525.0000	5700.0000	 0	 0	 0	 0	33198
8675.0000	7600.0000	 0	 0	 0	 0	78622
8675.0000	7700.0000	 0	 0	 0	 0	68293
8675.0000	7800.0000	 0	 0	 0	 0	36443
8675.0000	7900.0000	 0	 0	 0	 0	34069
8675.0000	8000.0000	 0	 0	 0	 0	8899
8675.0000	8100.0000	 0	 0	 0	 0	61888
8675.0000	8200.0000	 0	 0	 0	 0	21367
8675.0000	8300.0000	 0	 0	 0	 0	30052
8675.0000	8400.0000	 0	 0	 0	 0	10402
8675.0000	8500.0000	 0	 0	 0	 0	37056
8425.0000	10150.0000	 0	 0	 0	 0	49305
8525.0000	10150.0000	 0	 0	 0	 0	57279
10850.0000	9500.0000	 0	 0	 0	 0	32745
10850.0000	9400.0000	 0	 0	 0	 0	14834
10850.0000	9275.0000	 0	 0	 0	 0	52384
10850.0000	9175.0000	 0	 0	 0	 0	26325
10900.0000	8875.0000	 0	 0	 0	 0	37959
11050.0000	8875.0000	 0	 0	 0	 0	18106
10850.0000	5050.0000	 0	 0	 0	 0	15499
10850.0000	4950.0000	 0	 0	 0	 0	41368
10850.0000	4825.0000	 0	 0	 0	 0	19840
10850.0000	4725.0000	 0	 0	 0	 0	68440
10900.0000	4425.0000	 0	 0	 0	 0	84585
11050.0000	4425.0000	 0	 0	 0	 0	42464
11500.0000	4425.0000	 0	 0	 0	 0	34441
11800.0000	4425.0000	 0	 0	 0	 0	61685
11500.0000	6150.0000	 0	 0	 0	 0	72749
11700.0000	6150.0000	 0	 0	 0	 0	24896
11500.0000	8875.0000	 0	 0	 0	 0	79831
11800.0000	8875.0000	 0	 0	 0	 0	7980
11500.0000	10600.0000	 0	 0	 0	 0	68293
11700.0000	10600.0000	 0	 0	 0	 0	26164
12075.0000	9525.0000	 0	 0	 0	 0	58316
12075.0000	9425.0000	 0	 0	 0	 0	24307
12225.0000	9375.0000	 0	 0	 0	 0	28993
12225.0000	9275.0000	 0	 0	 0	 0	80873
12075.0000	9225.0000	 0	 0	 0	 0	10515
12075.0000	9125.0000	 0	 0	 0	 0	38423
12100.0000	8875.0000	 0	 0	 0	 0	66682
12425.0000	7225.0000	 0	 0	 0	 0	36571
12425.0000	7075.0000	 0	 0	 0	 0	64212
12425.0000	6925.0000	 0	 0	 0	 0	84944
12425.0000	6775.0000	 0	 0	 0	 0	8942
12075.0000	5075.0000	 0	 0	 0	 0	45433
12075.0000	4975.0000	 0	 0	 0	 0	23942
12225.0000	4925.0000	 0	 0	 0	 0	11000
12225.0000	4825.0000	 0	 0	 0	 0	29754
12075.0000	4775.0000	 0	 0	 0	 0	44297
12075.0000	4675.0000	 0	 0	 0	 0	63796
12100.0000	4425.0000	 0	 0	 0	 0	86838
12425.0000	2775.0000	 0	 0	 0	 0	57904
12425.0000	2625.0000	 0	 0	 0	 0	3861
12425.0000	2475.0000	 0	 0	 0	 0	78625
12425.0000	2325.0000	 0	 0	 0	 0	21721
14675.0000	5700.0000	 0	 0	 0	 0	18310
14675.0000	10150.0000	 0	 0	 0	 0	49766
14775.0000	10150.0000	 0	 0	 0	 0	34192
14875.0000	10150.0000	 0	 0	 0	 0	75645
14975.0000	10150.0000	 0	 0	 0	 0	20043
15075.0000	10150.0000	 0	 0	 0	 0	41245
15225.0000	8500.0000	 0	 0	 0	 0	12945
15225.0000	8400.0000	 0	 0	 0	 0	11099
15225.0000	8300.0000	 0	 0	 0	 0	87661
15225.0000	8200.0000	 0	 0	 0	 0	80809
15225.0000	8100.0000	 0	 0	 0	 0	12980
15225.0000	8000.0000	 0	 0	 0	 0	14419
15225.0000	7900.0000	 0	 0	 0	 0	42220
15225.0000	7800.0000	 0	 0	 0	 0	47984
15225.0000	7700.0000	 0	 0	 0	 0	40792
15225.0000	7600.0000	 0	 0	 0	 0	33407
14775.0000	5700.0000	 0	 0	 0	 0	6747
14875.0000	5700.0000	 0	 0	 0	 0	69533
14975.0000	5700.0000	 0	 0	 0	 0	28581
15075.0000	5700.0000	 0	 0	 0	 0	80287
15225.0000	4050.0000	 0	 0	 0	 0	35156
15225.0000	3950.0000	 0	 0	 0	 0	19237
15225.0000	3850.0000	 0	 0	 0	 0	28867
15225.0000	3750.0000	 0	 0	 0	 0	53962
15225.0000	3650.0000	 0	 0	 0	 0	41845
15225.0000	3550.0000	 0	 0	 0	 0	47472
15225.0000	3450.0000	 0	 0	 0	 0	41596
15225.0000	3350.0000	 0	 0	 0	 0	50165
15225.0000	3250.0000	 0	 0	 0	 0	23631
15225.0000	3150.0000	 0	 0	 0	 0	57995
