<DIMENSION> 264
<VEHICLE_CAPACITY>	100
<NUMBER_OF_VEHICLES>	22
<TIME_HORIZON>	98189
<VERTICES> XCOORD - YCOORD - DEMAND - OPENING_TW - CLOSING_TW - SERVICE_TIME - RELEASE DATE </VERTICES>
3425.0000	6450.0000	 0	 0	 0	 0	 0
3625.0000	3200.0000	 0	 0	 0	 0	72
3525.0000	3200.0000	 0	 0	 0	 0	10790
3525.0000	3350.0000	 0	 0	 0	 0	13936
3625.0000	3350.0000	 0	 0	 0	 0	13632
3725.0000	3350.0000	 0	 0	 0	 0	10543
3725.0000	3650.0000	 0	 0	 0	 0	35353
3625.0000	3650.0000	 0	 0	 0	 0	26544
3525.0000	3650.0000	 0	 0	 0	 0	35242
3525.0000	3850.0000	 0	 0	 0	 0	40811
3625.0000	3850.0000	 0	 0	 0	 0	18246
3725.0000	3850.0000	 0	 0	 0	 0	8111
3725.0000	4150.0000	 0	 0	 0	 0	42335
3625.0000	4150.0000	 0	 0	 0	 0	3033
3525.0000	4150.0000	 0	 0	 0	 0	25719
3525.0000	4350.0000	 0	 0	 0	 0	32356
3625.0000	4350.0000	 0	 0	 0	 0	3597
3725.0000	4350.0000	 0	 0	 0	 0	35782
3725.0000	4650.0000	 0	 0	 0	 0	24029
3625.0000	4650.0000	 0	 0	 0	 0	12729
3525.0000	4650.0000	 0	 0	 0	 0	29567
3525.0000	4850.0000	 0	 0	 0	 0	33669
3625.0000	4850.0000	 0	 0	 0	 0	19190
3725.0000	4850.0000	 0	 0	 0	 0	1745
3725.0000	5150.0000	 0	 0	 0	 0	21266
3625.0000	5150.0000	 0	 0	 0	 0	44232
3525.0000	5150.0000	 0	 0	 0	 0	2596
3525.0000	5350.0000	 0	 0	 0	 0	40892
3625.0000	5350.0000	 0	 0	 0	 0	28339
3725.0000	5350.0000	 0	 0	 0	 0	10400
3725.0000	5650.0000	 0	 0	 0	 0	41831
3625.0000	5650.0000	 0	 0	 0	 0	17168
3525.0000	5650.0000	 0	 0	 0	 0	46832
3525.0000	5850.0000	 0	 0	 0	 0	14792
3625.0000	5850.0000	 0	 0	 0	 0	45296
3725.0000	5850.0000	 0	 0	 0	 0	6839
3725.0000	6150.0000	 0	 0	 0	 0	25886
3625.0000	6150.0000	 0	 0	 0	 0	44653
3525.0000	6150.0000	 0	 0	 0	 0	31329
3525.0000	6450.0000	 0	 0	 0	 0	39276
3525.0000	6650.0000	 0	 0	 0	 0	41908
3675.0000	7150.0000	 0	 0	 0	 0	40553
3675.0000	7500.0000	 0	 0	 0	 0	37349
3675.0000	7700.0000	 0	 0	 0	 0	7129
3675.0000	7850.0000	 0	 0	 0	 0	33677
3675.0000	8050.0000	 0	 0	 0	 0	33879
3525.0000	8300.0000	 0	 0	 0	 0	8385
3625.0000	8300.0000	 0	 0	 0	 0	31489
3725.0000	8300.0000	 0	 0	 0	 0	39657
3725.0000	8600.0000	 0	 0	 0	 0	6095
3625.0000	8600.0000	 0	 0	 0	 0	28850
3525.0000	8600.0000	 0	 0	 0	 0	42909
3825.0000	8750.0000	 0	 0	 0	 0	36175
3925.0000	8750.0000	 0	 0	 0	 0	11834
3925.0000	8600.0000	 0	 0	 0	 0	8583
3825.0000	8600.0000	 0	 0	 0	 0	16997
3825.0000	8300.0000	 0	 0	 0	 0	22911
3925.0000	8300.0000	 0	 0	 0	 0	2269
3925.0000	7600.0000	 0	 0	 0	 0	22302
3925.0000	6150.0000	 0	 0	 0	 0	18577
3825.0000	6150.0000	 0	 0	 0	 0	43996
3825.0000	5850.0000	 0	 0	 0	 0	38216
3925.0000	5850.0000	 0	 0	 0	 0	20393
3925.0000	5650.0000	 0	 0	 0	 0	19064
3825.0000	5650.0000	 0	 0	 0	 0	4980
3825.0000	5350.0000	 0	 0	 0	 0	34632
3925.0000	5350.0000	 0	 0	 0	 0	11957
3925.0000	5150.0000	 0	 0	 0	 0	16817
3825.0000	5150.0000	 0	 0	 0	 0	5821
3825.0000	4850.0000	 0	 0	 0	 0	20736
3925.0000	4850.0000	 0	 0	 0	 0	27590
3925.0000	4650.0000	 0	 0	 0	 0	32053
3825.0000	4650.0000	 0	 0	 0	 0	18324
3825.0000	4350.0000	 0	 0	 0	 0	8301
3925.0000	4350.0000	 0	 0	 0	 0	29313
3925.0000	4150.0000	 0	 0	 0	 0	14731
3825.0000	4150.0000	 0	 0	 0	 0	21242
3825.0000	3850.0000	 0	 0	 0	 0	10132
3925.0000	3850.0000	 0	 0	 0	 0	8673
3925.0000	3650.0000	 0	 0	 0	 0	23149
3825.0000	3650.0000	 0	 0	 0	 0	11102
3825.0000	3350.0000	 0	 0	 0	 0	38298
3925.0000	3350.0000	 0	 0	 0	 0	47333
3875.0000	3200.0000	 0	 0	 0	 0	23762
4075.0000	3200.0000	 0	 0	 0	 0	19273
4025.0000	3350.0000	 0	 0	 0	 0	34518
4125.0000	3350.0000	 0	 0	 0	 0	40709
4225.0000	3350.0000	 0	 0	 0	 0	13932
4225.0000	3650.0000	 0	 0	 0	 0	44673
4125.0000	3650.0000	 0	 0	 0	 0	4465
4025.0000	3650.0000	 0	 0	 0	 0	38216
4025.0000	3850.0000	 0	 0	 0	 0	14641
4125.0000	3850.0000	 0	 0	 0	 0	32633
4225.0000	3850.0000	 0	 0	 0	 0	13602
4225.0000	4150.0000	 0	 0	 0	 0	16224
4125.0000	4150.0000	 0	 0	 0	 0	45256
4025.0000	4150.0000	 0	 0	 0	 0	5884
4025.0000	4350.0000	 0	 0	 0	 0	21501
4125.0000	4350.0000	 0	 0	 0	 0	37315
4225.0000	4350.0000	 0	 0	 0	 0	20465
4225.0000	4650.0000	 0	 0	 0	 0	35932
4125.0000	4650.0000	 0	 0	 0	 0	47534
4025.0000	4650.0000	 0	 0	 0	 0	5004
4025.0000	4850.0000	 0	 0	 0	 0	25424
4125.0000	4850.0000	 0	 0	 0	 0	13398
4225.0000	4850.0000	 0	 0	 0	 0	6155
4225.0000	5150.0000	 0	 0	 0	 0	16650
4125.0000	5150.0000	 0	 0	 0	 0	24788
4025.0000	5150.0000	 0	 0	 0	 0	35700
4025.0000	5350.0000	 0	 0	 0	 0	48594
4125.0000	5350.0000	 0	 0	 0	 0	32402
4225.0000	5350.0000	 0	 0	 0	 0	2161
4225.0000	5650.0000	 0	 0	 0	 0	43998
4125.0000	5650.0000	 0	 0	 0	 0	12155
4025.0000	5650.0000	 0	 0	 0	 0	10246
4025.0000	5850.0000	 0	 0	 0	 0	27848
4125.0000	5850.0000	 0	 0	 0	 0	19133
4225.0000	5850.0000	 0	 0	 0	 0	42330
4225.0000	6150.0000	 0	 0	 0	 0	11216
4125.0000	6150.0000	 0	 0	 0	 0	23080
4025.0000	6150.0000	 0	 0	 0	 0	7244
4025.0000	8300.0000	 0	 0	 0	 0	6211
4125.0000	8300.0000	 0	 0	 0	 0	49054
4225.0000	8300.0000	 0	 0	 0	 0	45220
4225.0000	8600.0000	 0	 0	 0	 0	7263
4125.0000	8600.0000	 0	 0	 0	 0	8069
4025.0000	8600.0000	 0	 0	 0	 0	23626
4275.0000	8850.0000	 0	 0	 0	 0	26851
4875.0000	6100.0000	 0	 0	 0	 0	22827
4975.0000	4050.0000	 0	 0	 0	 0	18694
4975.0000	3900.0000	 0	 0	 0	 0	3776
4975.0000	3750.0000	 0	 0	 0	 0	38910
9675.0000	3200.0000	 0	 0	 0	 0	15993
9675.0000	3350.0000	 0	 0	 0	 0	44927
9675.0000	3650.0000	 0	 0	 0	 0	19673
9675.0000	3850.0000	 0	 0	 0	 0	10765
9675.0000	4150.0000	 0	 0	 0	 0	16154
9675.0000	4350.0000	 0	 0	 0	 0	30197
9675.0000	4650.0000	 0	 0	 0	 0	23416
9675.0000	4850.0000	 0	 0	 0	 0	26565
9675.0000	5150.0000	 0	 0	 0	 0	23276
9675.0000	5350.0000	 0	 0	 0	 0	28072
9675.0000	5650.0000	 0	 0	 0	 0	13224
9675.0000	5850.0000	 0	 0	 0	 0	32453
9675.0000	6150.0000	 0	 0	 0	 0	7985
9575.0000	6450.0000	 0	 0	 0	 0	36214
9675.0000	6450.0000	 0	 0	 0	 0	46437
9675.0000	6650.0000	 0	 0	 0	 0	24858
9675.0000	8300.0000	 0	 0	 0	 0	40709
9675.0000	8600.0000	 0	 0	 0	 0	32692
9975.0000	8750.0000	 0	 0	 0	 0	38396
9975.0000	8600.0000	 0	 0	 0	 0	45794
9875.0000	8600.0000	 0	 0	 0	 0	17115
9775.0000	8600.0000	 0	 0	 0	 0	44272
9775.0000	8300.0000	 0	 0	 0	 0	5935
9875.0000	8300.0000	 0	 0	 0	 0	23572
9975.0000	8300.0000	 0	 0	 0	 0	43860
9825.0000	8050.0000	 0	 0	 0	 0	2528
9825.0000	7850.0000	 0	 0	 0	 0	13869
9825.0000	7700.0000	 0	 0	 0	 0	13188
9825.0000	7500.0000	 0	 0	 0	 0	18348
9825.0000	7150.0000	 0	 0	 0	 0	3479
9975.0000	6150.0000	 0	 0	 0	 0	40954
9875.0000	6150.0000	 0	 0	 0	 0	39532
9775.0000	6150.0000	 0	 0	 0	 0	7004
9775.0000	5850.0000	 0	 0	 0	 0	38744
9875.0000	5850.0000	 0	 0	 0	 0	6404
9975.0000	5850.0000	 0	 0	 0	 0	48544
9975.0000	5650.0000	 0	 0	 0	 0	4867
9875.0000	5650.0000	 0	 0	 0	 0	10474
9775.0000	5650.0000	 0	 0	 0	 0	26059
9775.0000	5350.0000	 0	 0	 0	 0	4717
9875.0000	5350.0000	 0	 0	 0	 0	42282
9975.0000	5350.0000	 0	 0	 0	 0	31590
9775.0000	5150.0000	 0	 0	 0	 0	9160
9875.0000	5150.0000	 0	 0	 0	 0	1372
9975.0000	5150.0000	 0	 0	 0	 0	7631
9975.0000	4850.0000	 0	 0	 0	 0	5598
9875.0000	4850.0000	 0	 0	 0	 0	40616
9775.0000	4850.0000	 0	 0	 0	 0	29003
9775.0000	4650.0000	 0	 0	 0	 0	4504
9875.0000	4650.0000	 0	 0	 0	 0	10699
9975.0000	4650.0000	 0	 0	 0	 0	20967
9975.0000	4350.0000	 0	 0	 0	 0	5124
9875.0000	4350.0000	 0	 0	 0	 0	22617
9775.0000	4350.0000	 0	 0	 0	 0	40255
9775.0000	4150.0000	 0	 0	 0	 0	8916
9875.0000	4150.0000	 0	 0	 0	 0	5751
9975.0000	4150.0000	 0	 0	 0	 0	35670
9975.0000	3850.0000	 0	 0	 0	 0	34708
9875.0000	3850.0000	 0	 0	 0	 0	33461
9775.0000	3850.0000	 0	 0	 0	 0	24431
9975.0000	3650.0000	 0	 0	 0	 0	42503
9875.0000	3650.0000	 0	 0	 0	 0	34502
9775.0000	3650.0000	 0	 0	 0	 0	34326
9775.0000	3350.0000	 0	 0	 0	 0	34248
9875.0000	3350.0000	 0	 0	 0	 0	34647
9975.0000	3350.0000	 0	 0	 0	 0	13350
9775.0000	3200.0000	 0	 0	 0	 0	24368
10225.0000	3200.0000	 0	 0	 0	 0	22657
10025.0000	3200.0000	 0	 0	 0	 0	45335
10075.0000	3350.0000	 0	 0	 0	 0	7556
10175.0000	3350.0000	 0	 0	 0	 0	2569
10175.0000	3650.0000	 0	 0	 0	 0	37567
10075.0000	3650.0000	 0	 0	 0	 0	17443
10175.0000	3850.0000	 0	 0	 0	 0	2443
10075.0000	3850.0000	 0	 0	 0	 0	6070
10075.0000	4150.0000	 0	 0	 0	 0	12767
10175.0000	4150.0000	 0	 0	 0	 0	38486
10175.0000	4350.0000	 0	 0	 0	 0	44211
10075.0000	4350.0000	 0	 0	 0	 0	26431
10075.0000	4650.0000	 0	 0	 0	 0	759
10175.0000	4650.0000	 0	 0	 0	 0	41381
10175.0000	4850.0000	 0	 0	 0	 0	38264
10075.0000	4850.0000	 0	 0	 0	 0	31156
10075.0000	5150.0000	 0	 0	 0	 0	40616
10175.0000	5150.0000	 0	 0	 0	 0	10472
10075.0000	5350.0000	 0	 0	 0	 0	46284
10175.0000	5350.0000	 0	 0	 0	 0	12183
10175.0000	5650.0000	 0	 0	 0	 0	43209
10075.0000	5650.0000	 0	 0	 0	 0	37166
10075.0000	5850.0000	 0	 0	 0	 0	2609
10175.0000	5850.0000	 0	 0	 0	 0	7607
10175.0000	6150.0000	 0	 0	 0	 0	2438
10075.0000	6150.0000	 0	 0	 0	 0	36335
10075.0000	7600.0000	 0	 0	 0	 0	6118
10075.0000	8300.0000	 0	 0	 0	 0	18307
10175.0000	8300.0000	 0	 0	 0	 0	30358
10175.0000	8600.0000	 0	 0	 0	 0	40155
10075.0000	8600.0000	 0	 0	 0	 0	9930
10075.0000	8750.0000	 0	 0	 0	 0	11443
10425.0000	8850.0000	 0	 0	 0	 0	33497
10375.0000	8600.0000	 0	 0	 0	 0	45203
10275.0000	8600.0000	 0	 0	 0	 0	15984
10275.0000	8300.0000	 0	 0	 0	 0	30738
10375.0000	8300.0000	 0	 0	 0	 0	2288
10375.0000	6150.0000	 0	 0	 0	 0	34710
10275.0000	6150.0000	 0	 0	 0	 0	39009
10275.0000	5850.0000	 0	 0	 0	 0	15911
10375.0000	5850.0000	 0	 0	 0	 0	43038
10375.0000	5650.0000	 0	 0	 0	 0	36215
10275.0000	5650.0000	 0	 0	 0	 0	13393
10275.0000	5350.0000	 0	 0	 0	 0	39064
10375.0000	5350.0000	 0	 0	 0	 0	43396
10275.0000	5150.0000	 0	 0	 0	 0	1213
10375.0000	5150.0000	 0	 0	 0	 0	37570
10375.0000	4850.0000	 0	 0	 0	 0	19888
10275.0000	4850.0000	 0	 0	 0	 0	16968
10275.0000	4650.0000	 0	 0	 0	 0	5788
10375.0000	4650.0000	 0	 0	 0	 0	48454
10375.0000	4350.0000	 0	 0	 0	 0	20597
10275.0000	4350.0000	 0	 0	 0	 0	35385
10275.0000	4150.0000	 0	 0	 0	 0	18372
10375.0000	4150.0000	 0	 0	 0	 0	8445
10375.0000	3850.0000	 0	 0	 0	 0	35020
10275.0000	3850.0000	 0	 0	 0	 0	7295
10375.0000	3650.0000	 0	 0	 0	 0	28406
10275.0000	3650.0000	 0	 0	 0	 0	41462
10275.0000	3350.0000	 0	 0	 0	 0	28850
10375.0000	3350.0000	 0	 0	 0	 0	30565
11125.0000	3750.0000	 0	 0	 0	 0	27715
11125.0000	3900.0000	 0	 0	 0	 0	28207
11125.0000	4050.0000	 0	 0	 0	 0	29871
11025.0000	6100.0000	 0	 0	 0	 0	4876
