<DIMENSION> 400
<VEHICLE_CAPACITY>	100
<NUMBER_OF_VEHICLES>	22
<TIME_HORIZON>	30537
<VERTICES> XCOORD - YCOORD - DEMAND - OPENING_TW - CLOSING_TW - SERVICE_TIME - RELEASE DATE </VERTICES>
435.8410	587.5220	 0	 0	 0	 0	 0
602.5390	801.7040	 0	 0	 0	 0	22
861.5630	954.0190	 0	 0	 0	 0	3356
444.2170	553.3010	 0	 0	 0	 0	4334
796.0420	796.5190	 0	 0	 0	 0	4239
88.9064	838.9540	 0	 0	 0	 0	3279
233.5690	850.7980	 0	 0	 0	 0	10995
476.8640	203.9760	 0	 0	 0	 0	8255
406.2710	601.8390	 0	 0	 0	 0	10960
954.5730	785.0530	 0	 0	 0	 0	12692
593.3260	968.6440	 0	 0	 0	 0	5674
946.1000	432.9950	 0	 0	 0	 0	2522
83.0742	601.4870	 0	 0	 0	 0	13166
861.2540	754.1200	 0	 0	 0	 0	943
247.6190	698.6370	 0	 0	 0	 0	7999
963.2270	965.8240	 0	 0	 0	 0	10063
125.8720	536.9870	 0	 0	 0	 0	1119
563.2370	20.7366	 0	 0	 0	 0	11128
55.2590	619.0920	 0	 0	 0	 0	7473
691.4140	576.6530	 0	 0	 0	 0	3959
237.1670	707.2980	 0	 0	 0	 0	9195
583.4480	609.2010	 0	 0	 0	 0	10471
404.1710	942.2180	 0	 0	 0	 0	5968
15.7710	614.6420	 0	 0	 0	 0	543
20.0806	62.8968	 0	 0	 0	 0	6614
196.6560	613.8620	 0	 0	 0	 0	13756
913.2490	428.9020	 0	 0	 0	 0	807
828.3400	584.1110	 0	 0	 0	 0	12718
49.6047	40.6059	 0	 0	 0	 0	8813
271.3610	736.9040	 0	 0	 0	 0	3235
979.1530	716.9700	 0	 0	 0	 0	13009
489.4180	957.9460	 0	 0	 0	 0	5339
817.1060	281.1200	 0	 0	 0	 0	14565
332.7710	466.5200	 0	 0	 0	 0	4600
278.3530	945.6230	 0	 0	 0	 0	14087
168.5400	974.8060	 0	 0	 0	 0	2127
806.1390	537.7480	 0	 0	 0	 0	8050
445.4040	306.8600	 0	 0	 0	 0	13887
306.6960	552.6260	 0	 0	 0	 0	9743
555.4920	359.3150	 0	 0	 0	 0	12215
156.4440	178.9950	 0	 0	 0	 0	13033
140.1410	704.0840	 0	 0	 0	 0	12612
963.2350	442.6290	 0	 0	 0	 0	11616
460.8290	255.5030	 0	 0	 0	 0	2217
385.5340	487.8460	 0	 0	 0	 0	10474
931.4640	198.1460	 0	 0	 0	 0	10536
279.8930	896.0210	 0	 0	 0	 0	2608
331.2830	923.4810	 0	 0	 0	 0	9793
33.5356	889.8600	 0	 0	 0	 0	12333
511.5280	60.4103	 0	 0	 0	 0	1896
232.8740	327.7420	 0	 0	 0	 0	8972
870.5620	747.8620	 0	 0	 0	 0	13345
126.3070	27.0835	 0	 0	 0	 0	11250
25.7158	384.7110	 0	 0	 0	 0	3680
550.9900	317.7100	 0	 0	 0	 0	2669
421.5450	669.8560	 0	 0	 0	 0	5286
699.3950	641.8320	 0	 0	 0	 0	7125
30.6059	881.3150	 0	 0	 0	 0	706
486.6260	987.9240	 0	 0	 0	 0	6936
547.8860	870.1650	 0	 0	 0	 0	5777
764.1900	227.8410	 0	 0	 0	 0	13683
489.3400	885.4710	 0	 0	 0	 0	11885
908.7640	483.3180	 0	 0	 0	 0	6342
195.2250	821.4830	 0	 0	 0	 0	5929
171.8540	111.9420	 0	 0	 0	 0	1549
599.1640	587.5000	 0	 0	 0	 0	10771
132.5240	507.6260	 0	 0	 0	 0	3719
327.2080	868.8000	 0	 0	 0	 0	5230
267.9290	788.3520	 0	 0	 0	 0	1810
792.9190	136.5170	 0	 0	 0	 0	6449
156.9930	187.4790	 0	 0	 0	 0	8581
186.1010	903.4890	 0	 0	 0	 0	9968
745.9960	818.7440	 0	 0	 0	 0	5699
672.6700	141.5160	 0	 0	 0	 0	2582
795.0610	496.7010	 0	 0	 0	 0	9116
298.8270	796.8400	 0	 0	 0	 0	4581
91.6001	378.0180	 0	 0	 0	 0	6606
917.8980	105.2250	 0	 0	 0	 0	3151
370.2720	274.5810	 0	 0	 0	 0	2697
789.2060	738.1680	 0	 0	 0	 0	7199
800.3500	158.5890	 0	 0	 0	 0	3453
748.3570	537.0310	 0	 0	 0	 0	11911
486.9790	88.5907	 0	 0	 0	 0	14720
148.7370	95.1072	 0	 0	 0	 0	7390
231.9840	10.1310	 0	 0	 0	 0	5994
972.9050	220.4190	 0	 0	 0	 0	10735
40.5600	259.5890	 0	 0	 0	 0	12661
192.4700	292.7120	 0	 0	 0	 0	4333
24.0393	509.8080	 0	 0	 0	 0	13893
316.6860	311.8220	 0	 0	 0	 0	1389
494.9440	163.2700	 0	 0	 0	 0	11885
525.1180	681.2560	 0	 0	 0	 0	4553
835.6690	882.7080	 0	 0	 0	 0	10149
775.2050	181.0540	 0	 0	 0	 0	4230
109.4770	27.3525	 0	 0	 0	 0	5046
653.0110	671.8690	 0	 0	 0	 0	14075
628.2850	197.0580	 0	 0	 0	 0	1830
1.9487	712.3350	 0	 0	 0	 0	6687
730.6400	446.9950	 0	 0	 0	 0	11605
580.3710	933.4650	 0	 0	 0	 0	6365
377.4530	863.5050	 0	 0	 0	 0	11175
258.1250	251.3720	 0	 0	 0	 0	14783
659.2970	693.4150	 0	 0	 0	 0	1556
700.9790	439.3080	 0	 0	 0	 0	7907
801.2070	327.6640	 0	 0	 0	 0	4167
755.1170	581.7020	 0	 0	 0	 0	1914
168.3540	774.7850	 0	 0	 0	 0	5178
607.7100	673.1960	 0	 0	 0	 0	7709
569.7880	359.9460	 0	 0	 0	 0	11103
505.7720	795.0940	 0	 0	 0	 0	15113
692.7860	475.0550	 0	 0	 0	 0	10077
615.2580	416.0340	 0	 0	 0	 0	672
433.0680	854.1060	 0	 0	 0	 0	13683
226.9970	149.1990	 0	 0	 0	 0	3780
326.4100	615.6760	 0	 0	 0	 0	3186
756.3590	997.0730	 0	 0	 0	 0	8661
175.1870	551.6290	 0	 0	 0	 0	5950
207.2620	753.0800	 0	 0	 0	 0	13165
127.3130	986.1340	 0	 0	 0	 0	3488
245.1760	595.8490	 0	 0	 0	 0	7178
368.4880	322.4740	 0	 0	 0	 0	2253
618.4530	808.4540	 0	 0	 0	 0	1932
284.6230	905.8170	 0	 0	 0	 0	15256
347.4870	932.5430	 0	 0	 0	 0	14063
942.0460	733.5770	 0	 0	 0	 0	2259
923.0290	410.1700	 0	 0	 0	 0	2509
153.7590	230.9990	 0	 0	 0	 0	7348
476.3310	253.1810	 0	 0	 0	 0	8351
232.0850	588.0690	 0	 0	 0	 0	7099
439.6290	819.3440	 0	 0	 0	 0	5814
959.4040	382.3320	 0	 0	 0	 0	1174
659.3320	989.1740	 0	 0	 0	 0	12101
475.2200	422.9200	 0	 0	 0	 0	4974
734.7090	76.1660	 0	 0	 0	 0	13972
844.5940	856.2380	 0	 0	 0	 0	6118
10.2508	829.5270	 0	 0	 0	 0	3348
359.0940	688.8250	 0	 0	 0	 0	5024
901.1000	207.1530	 0	 0	 0	 0	9391
607.2080	778.8440	 0	 0	 0	 0	7282
682.3890	84.7105	 0	 0	 0	 0	8262
840.9310	757.3570	 0	 0	 0	 0	7239
449.9590	883.5160	 0	 0	 0	 0	8730
725.6500	402.2630	 0	 0	 0	 0	4113
882.6980	149.9940	 0	 0	 0	 0	10093
429.8700	229.2530	 0	 0	 0	 0	2483
980.8790	821.9770	 0	 0	 0	 0	11263
578.1220	545.1040	 0	 0	 0	 0	14442
541.6900	818.3750	 0	 0	 0	 0	7731
509.2110	164.0530	 0	 0	 0	 0	12661
875.5890	251.2260	 0	 0	 0	 0	10167
101.2190	820.4500	 0	 0	 0	 0	11941
485.8940	5.4797	 0	 0	 0	 0	14242
134.0000	228.8740	 0	 0	 0	 0	5323
167.2430	943.5930	 0	 0	 0	 0	13769
156.3720	445.8910	 0	 0	 0	 0	1846
267.9790	69.0196	 0	 0	 0	 0	7331
476.4750	711.8430	 0	 0	 0	 0	13640
456.9460	809.2620	 0	 0	 0	 0	786
217.2450	20.1127	 0	 0	 0	 0	4313
165.4710	811.8130	 0	 0	 0	 0	4101
381.6120	457.5490	 0	 0	 0	 0	5706
310.7650	220.8150	 0	 0	 0	 0	1082
2.1976	25.8493	 0	 0	 0	 0	12737
135.3180	579.2620	 0	 0	 0	 0	12295
257.7140	332.9270	 0	 0	 0	 0	2178
678.1080	546.5020	 0	 0	 0	 0	12049
176.0110	611.7210	 0	 0	 0	 0	1992
560.3890	331.0150	 0	 0	 0	 0	15097
416.7830	521.5350	 0	 0	 0	 0	1514
852.3540	420.3120	 0	 0	 0	 0	3257
850.6890	321.3010	 0	 0	 0	 0	8105
745.7710	57.0821	 0	 0	 0	 0	1467
104.7250	588.7800	 0	 0	 0	 0	13150
64.3447	87.0233	 0	 0	 0	 0	9824
417.2050	194.1880	 0	 0	 0	 0	2849
884.4740	559.1310	 0	 0	 0	 0	427
868.7070	180.0650	 0	 0	 0	 0	2373
262.0030	425.6040	 0	 0	 0	 0	1741
669.7640	662.3140	 0	 0	 0	 0	12632
420.1780	34.4287	 0	 0	 0	 0	9020
424.9720	239.9730	 0	 0	 0	 0	1401
615.0690	4.8211	 0	 0	 0	 0	3327
967.4730	235.6180	 0	 0	 0	 0	6521
180.6400	963.2760	 0	 0	 0	 0	1593
153.8970	253.8970	 0	 0	 0	 0	7034
138.3080	544.7750	 0	 0	 0	 0	12519
23.8826	240.2950	 0	 0	 0	 0	2773
701.0180	43.4543	 0	 0	 0	 0	1788
951.5370	792.3250	 0	 0	 0	 0	11093
190.1160	9.7705	 0	 0	 0	 0	10794
347.5790	997.5180	 0	 0	 0	 0	10406
331.0850	8.8275	 0	 0	 0	 0	7598
547.3870	204.8520	 0	 0	 0	 0	13218
776.7940	291.2880	 0	 0	 0	 0	10730
756.5860	917.8990	 0	 0	 0	 0	10675
172.3060	772.7470	 0	 0	 0	 0	10651
85.7052	33.6732	 0	 0	 0	 0	10775
904.8830	126.2160	 0	 0	 0	 0	4152
87.5416	389.2800	 0	 0	 0	 0	7578
21.9732	102.5100	 0	 0	 0	 0	7046
417.3020	581.1990	 0	 0	 0	 0	14099
205.6410	477.2190	 0	 0	 0	 0	2350
486.7430	625.4810	 0	 0	 0	 0	799
372.1770	77.9249	 0	 0	 0	 0	11683
117.9370	480.4670	 0	 0	 0	 0	5425
295.5330	923.1890	 0	 0	 0	 0	760
879.3390	967.3310	 0	 0	 0	 0	1888
889.9140	107.7010	 0	 0	 0	 0	3970
636.9770	852.5520	 0	 0	 0	 0	11969
382.4910	96.1738	 0	 0	 0	 0	13750
134.5980	416.1910	 0	 0	 0	 0	8220
759.9570	814.0200	 0	 0	 0	 0	236
44.5069	940.8630	 0	 0	 0	 0	12870
244.5940	473.9870	 0	 0	 0	 0	11900
642.5730	589.5300	 0	 0	 0	 0	9690
228.1930	537.5520	 0	 0	 0	 0	12632
645.7690	36.6176	 0	 0	 0	 0	3257
881.9550	436.3610	 0	 0	 0	 0	14394
680.5740	156.1940	 0	 0	 0	 0	3789
811.9970	466.2100	 0	 0	 0	 0	13438
963.4810	584.9690	 0	 0	 0	 0	11559
312.6780	611.3440	 0	 0	 0	 0	811
853.9590	621.6380	 0	 0	 0	 0	2366
518.3630	989.6290	 0	 0	 0	 0	758
272.4820	202.4250	 0	 0	 0	 0	11300
762.2140	751.4560	 0	 0	 0	 0	1903
648.7830	603.7900	 0	 0	 0	 0	5694
783.6670	742.0830	 0	 0	 0	 0	9442
399.4750	192.2680	 0	 0	 0	 0	12488
32.4988	938.7510	 0	 0	 0	 0	3088
814.2090	436.4930	 0	 0	 0	 0	3559
291.0530	292.0490	 0	 0	 0	 0	10418
607.0130	13.6116	 0	 0	 0	 0	14058
92.7453	433.9670	 0	 0	 0	 0	4971
769.0720	182.9170	 0	 0	 0	 0	9559
175.8560	408.8610	 0	 0	 0	 0	712
344.6560	388.1850	 0	 0	 0	 0	10795
227.1830	343.6040	 0	 0	 0	 0	12132
491.1480	328.6140	 0	 0	 0	 0	4948
25.5217	669.7960	 0	 0	 0	 0	13385
789.0600	180.3810	 0	 0	 0	 0	11263
980.7250	735.0900	 0	 0	 0	 0	4165
58.1823	207.4520	 0	 0	 0	 0	12149
195.2620	304.4830	 0	 0	 0	 0	13496
543.7070	996.0570	 0	 0	 0	 0	377
557.1700	378.5110	 0	 0	 0	 0	11684
256.5130	606.6430	 0	 0	 0	 0	6185
805.4350	372.7930	 0	 0	 0	 0	5277
462.0370	417.0620	 0	 0	 0	 0	1800
818.2090	629.8910	 0	 0	 0	 0	15069
415.4600	823.7420	 0	 0	 0	 0	6406
203.2880	280.2200	 0	 0	 0	 0	11005
325.8960	907.5900	 0	 0	 0	 0	5714
512.4720	906.5260	 0	 0	 0	 0	2626
826.9090	802.7190	 0	 0	 0	 0	10891
374.1050	494.3560	 0	 0	 0	 0	2269
599.1640	619.9720	 0	 0	 0	 0	8834
327.3530	384.3720	 0	 0	 0	 0	12895
360.0330	175.0380	 0	 0	 0	 0	8972
809.9110	758.3160	 0	 0	 0	 0	9506
260.6720	213.3830	 0	 0	 0	 0	8619
934.2480	685.0150	 0	 0	 0	 0	8772
176.0230	365.1960	 0	 0	 0	 0	9290
606.9720	355.0660	 0	 0	 0	 0	1517
667.6450	810.2790	 0	 0	 0	 0	15167
852.8640	824.6500	 0	 0	 0	 0	4170
746.3200	56.0444	 0	 0	 0	 0	13214
93.5555	531.1010	 0	 0	 0	 0	5325
818.7740	606.9020	 0	 0	 0	 0	14445
746.6160	491.7720	 0	 0	 0	 0	519
231.0830	960.5530	 0	 0	 0	 0	8588
683.5460	930.4910	 0	 0	 0	 0	12260
431.0060	685.7860	 0	 0	 0	 0	7467
709.8300	561.0770	 0	 0	 0	 0	1017
452.1840	663.3820	 0	 0	 0	 0	5276
384.8060	812.5680	 0	 0	 0	 0	3081
886.3430	4.9444	 0	 0	 0	 0	13217
52.5835	271.0010	 0	 0	 0	 0	11428
152.7330	951.5530	 0	 0	 0	 0	4145
808.8890	763.5270	 0	 0	 0	 0	4784
775.3520	780.3470	 0	 0	 0	 0	7129
178.0850	519.5530	 0	 0	 0	 0	4967
988.7430	256.4600	 0	 0	 0	 0	12611
114.2580	377.4120	 0	 0	 0	 0	7625
236.1260	494.2140	 0	 0	 0	 0	3814
314.3390	438.0790	 0	 0	 0	 0	4574
273.5950	173.0280	 0	 0	 0	 0	13678
49.9968	742.7330	 0	 0	 0	 0	6463
6.4291	353.9500	 0	 0	 0	 0	11360
540.0070	528.6590	 0	 0	 0	 0	345
786.0580	432.5820	 0	 0	 0	 0	1608
995.1640	77.7478	 0	 0	 0	 0	10251
509.9840	834.3410	 0	 0	 0	 0	4768
890.3600	307.2570	 0	 0	 0	 0	8225
304.4680	535.6880	 0	 0	 0	 0	6406
473.9170	22.3053	 0	 0	 0	 0	8700
868.5590	484.7970	 0	 0	 0	 0	12580
91.7265	661.3560	 0	 0	 0	 0	3027
616.7890	748.5070	 0	 0	 0	 0	6351
414.1310	748.1990	 0	 0	 0	 0	15023
236.2060	683.4400	 0	 0	 0	 0	5858
974.7660	171.8020	 0	 0	 0	 0	1292
732.0880	320.5010	 0	 0	 0	 0	2199
334.1920	594.8300	 0	 0	 0	 0	5672
561.2540	14.0532	 0	 0	 0	 0	4449
33.0116	545.7580	 0	 0	 0	 0	11799
451.6360	797.9710	 0	 0	 0	 0	14781
197.2870	1.9872	 0	 0	 0	 0	13524
236.3390	400.1240	 0	 0	 0	 0	13295
747.8660	360.2650	 0	 0	 0	 0	6987
430.7790	816.4760	 0	 0	 0	 0	4541
21.8230	256.8450	 0	 0	 0	 0	12050
344.6380	230.3930	 0	 0	 0	 0	5085
754.7860	929.3440	 0	 0	 0	 0	15102
257.1780	178.9500	 0	 0	 0	 0	9590
233.2930	789.1810	 0	 0	 0	 0	15001
109.6380	555.1780	 0	 0	 0	 0	5132
818.4960	388.5390	 0	 0	 0	 0	12657
438.9620	136.9010	 0	 0	 0	 0	11818
344.9370	837.5150	 0	 0	 0	 0	13881
920.6340	460.3360	 0	 0	 0	 0	5795
950.4730	33.9817	 0	 0	 0	 0	7323
123.8030	911.1490	 0	 0	 0	 0	11018
826.8390	234.8830	 0	 0	 0	 0	9650
967.7160	166.5230	 0	 0	 0	 0	10832
763.8590	558.6360	 0	 0	 0	 0	6136
477.0870	834.7730	 0	 0	 0	 0	15221
189.0420	621.2710	 0	 0	 0	 0	5410
500.4180	885.2560	 0	 0	 0	 0	13390
807.7770	879.3540	 0	 0	 0	 0	14644
6.1356	122.6240	 0	 0	 0	 0	14594
680.5260	979.5350	 0	 0	 0	 0	2589
752.4550	173.0840	 0	 0	 0	 0	9378
740.5720	359.8700	 0	 0	 0	 0	6366
494.0450	199.6100	 0	 0	 0	 0	13856
225.4470	556.1690	 0	 0	 0	 0	4907
782.1860	687.5690	 0	 0	 0	 0	2735
559.9290	171.4320	 0	 0	 0	 0	8193
463.3990	711.7000	 0	 0	 0	 0	7193
99.6077	192.3470	 0	 0	 0	 0	11521
257.6150	814.5390	 0	 0	 0	 0	12658
42.8894	926.4890	 0	 0	 0	 0	11885
172.9070	173.2320	 0	 0	 0	 0	1186
483.2060	814.3320	 0	 0	 0	 0	3622
537.1440	893.8490	 0	 0	 0	 0	8731
2.9902	973.2720	 0	 0	 0	 0	10111
286.8890	436.0770	 0	 0	 0	 0	286
34.4571	282.0520	 0	 0	 0	 0	12842
382.1730	228.7400	 0	 0	 0	 0	13238
407.0530	857.8240	 0	 0	 0	 0	4703
957.6590	25.5349	 0	 0	 0	 0	14523
534.2540	449.8980	 0	 0	 0	 0	710
891.0840	771.6110	 0	 0	 0	 0	6274
609.9070	714.9450	 0	 0	 0	 0	10525
800.5060	368.5290	 0	 0	 0	 0	3972
6.5945	196.9990	 0	 0	 0	 0	4246
122.6210	436.9230	 0	 0	 0	 0	10445
517.9300	649.4640	 0	 0	 0	 0	9582
235.3870	41.3129	 0	 0	 0	 0	3043
603.5600	723.7360	 0	 0	 0	 0	1858
910.3730	948.6180	 0	 0	 0	 0	6065
498.3280	926.5710	 0	 0	 0	 0	1035
548.6650	952.8490	 0	 0	 0	 0	2924
779.1100	99.0186	 0	 0	 0	 0	499
582.0970	75.6071	 0	 0	 0	 0	7801
214.7440	82.1886	 0	 0	 0	 0	10045
560.4390	622.9370	 0	 0	 0	 0	3345
693.6720	555.5940	 0	 0	 0	 0	12177
90.4960	16.7955	 0	 0	 0	 0	14790
760.5000	411.8410	 0	 0	 0	 0	2467
626.5210	526.7240	 0	 0	 0	 0	10647
995.8530	234.5770	 0	 0	 0	 0	8179
918.9470	876.6840	 0	 0	 0	 0	12368
989.5790	47.3211	 0	 0	 0	 0	11471
377.6880	314.4080	 0	 0	 0	 0	11289
961.4190	413.0340	 0	 0	 0	 0	8095
825.4130	709.3610	 0	 0	 0	 0	12503
827.4550	580.4790	 0	 0	 0	 0	10500
35.7801	990.3660	 0	 0	 0	 0	3401
620.1540	281.8190	 0	 0	 0	 0	9985
109.5240	120.7790	 0	 0	 0	 0	5438
738.9310	820.7670	 0	 0	 0	 0	6772
274.2220	258.4280	 0	 0	 0	 0	8560
82.5408	643.5650	 0	 0	 0	 0	10470
592.7120	764.1670	 0	 0	 0	 0	8309
724.7820	471.1660	 0	 0	 0	 0	11953
778.1310	902.4530	 0	 0	 0	 0	8843
885.7120	666.3820	 0	 0	 0	 0	4428
26.8873	163.8830	 0	 0	 0	 0	6818
741.3140	972.9350	 0	 0	 0	 0	12748
165.7600	712.3130	 0	 0	 0	 0	6421
256.2310	126.5490	 0	 0	 0	 0	14461
927.3850	899.5340	 0	 0	 0	 0	6292
524.9250	53.7248	 0	 0	 0	 0	10641
72.1925	423.7990	 0	 0	 0	 0	13204
367.2300	863.3540	 0	 0	 0	 0	9234
349.2240	799.3280	 0	 0	 0	 0	3505
127.1160	42.9147	 0	 0	 0	 0	9019
587.6370	139.5660	 0	 0	 0	 0	14976
22.8315	355.0850	 0	 0	 0	 0	5341
