<DIMENSION> 225
<VEHICLE_CAPACITY>	100
<NUMBER_OF_VEHICLES>	22
<TIME_HORIZON>	7826
<VERTICES> XCOORD - YCOORD - DEMAND - OPENING_TW - CLOSING_TW - SERVICE_TIME - RELEASE DATE </VERTICES>
155.4200	150.6500	 0	 0	 0	 0	 0
375.9200	164.6500	 0	 0	 0	 0	6
183.9200	150.6500	 0	 0	 0	 0	860
205.4200	150.6500	 0	 0	 0	 0	1111
205.4200	171.6500	 0	 0	 0	 0	1086
226.4200	171.6500	 0	 0	 0	 0	840
226.4200	186.1500	 0	 0	 0	 0	2818
226.4200	207.1500	 0	 0	 0	 0	2116
226.4200	235.6500	 0	 0	 0	 0	2809
226.4200	264.1500	 0	 0	 0	 0	3253
226.4200	292.6500	 0	 0	 0	 0	1454
226.4200	314.1500	 0	 0	 0	 0	646
226.4200	335.6500	 0	 0	 0	 0	3374
205.4200	335.6500	 0	 0	 0	 0	242
190.9200	335.6500	 0	 0	 0	 0	2050
190.9200	328.1500	 0	 0	 0	 0	2579
176.9200	328.1500	 0	 0	 0	 0	287
176.9200	299.6500	 0	 0	 0	 0	2852
155.4200	299.6500	 0	 0	 0	 0	1915
155.4200	328.1500	 0	 0	 0	 0	1014
155.4200	356.6500	 0	 0	 0	 0	2356
183.9200	356.6500	 0	 0	 0	 0	2683
219.4200	356.6500	 0	 0	 0	 0	1529
240.9200	356.6500	 0	 0	 0	 0	139
269.4200	356.6500	 0	 0	 0	 0	1695
290.4200	356.6500	 0	 0	 0	 0	3525
387.4200	136.1500	 0	 0	 0	 0	207
318.9200	356.6500	 0	 0	 0	 0	3259
318.9200	335.6500	 0	 0	 0	 0	2259
318.9200	328.1500	 0	 0	 0	 0	829
318.9200	299.6500	 0	 0	 0	 0	3334
297.9200	299.6500	 0	 0	 0	 0	1368
290.4200	328.1500	 0	 0	 0	 0	3732
290.4200	335.6500	 0	 0	 0	 0	1179
297.9200	328.1500	 0	 0	 0	 0	3610
254.9200	335.6500	 0	 0	 0	 0	545
254.9200	314.1500	 0	 0	 0	 0	2063
254.9200	292.6500	 0	 0	 0	 0	3559
254.9200	271.6500	 0	 0	 0	 0	2497
254.9200	243.1500	 0	 0	 0	 0	3130
254.9200	221.6500	 0	 0	 0	 0	3340
254.9200	193.1500	 0	 0	 0	 0	3232
254.9200	171.6500	 0	 0	 0	 0	2977
276.4200	171.6500	 0	 0	 0	 0	568
296.4200	150.6500	 0	 0	 0	 0	2684
276.4200	150.6500	 0	 0	 0	 0	2700
375.9200	150.6500	 0	 0	 0	 0	668
308.9200	150.6500	 0	 0	 0	 0	2510
354.9200	164.6500	 0	 0	 0	 0	3161
338.4200	174.6500	 0	 0	 0	 0	486
354.9200	174.6500	 0	 0	 0	 0	2299
338.4200	200.1500	 0	 0	 0	 0	3420
338.4200	221.6500	 0	 0	 0	 0	2883
354.9200	221.6500	 0	 0	 0	 0	943
354.9200	200.1500	 0	 0	 0	 0	684
361.9200	200.1500	 0	 0	 0	 0	1355
361.9200	186.1500	 0	 0	 0	 0	1826
383.4200	186.1500	 0	 0	 0	 0	181
383.4200	179.1500	 0	 0	 0	 0	1777
404.4200	179.1500	 0	 0	 0	 0	1481
404.4200	186.1500	 0	 0	 0	 0	3506
418.9200	186.1500	 0	 0	 0	 0	3046
418.9200	200.1500	 0	 0	 0	 0	1625
432.9200	200.1500	 0	 0	 0	 0	1519
432.9200	221.6500	 0	 0	 0	 0	397
418.9200	221.6500	 0	 0	 0	 0	2760
418.9200	235.6500	 0	 0	 0	 0	953
397.4200	235.6500	 0	 0	 0	 0	1340
397.4200	243.1500	 0	 0	 0	 0	464
375.9200	243.1500	 0	 0	 0	 0	1653
375.9200	257.1500	 0	 0	 0	 0	2199
368.9200	257.1500	 0	 0	 0	 0	2555
368.9200	264.1500	 0	 0	 0	 0	1460
347.4200	264.1500	 0	 0	 0	 0	662
347.4200	278.6500	 0	 0	 0	 0	2336
336.4200	278.6500	 0	 0	 0	 0	1174
336.4200	328.1500	 0	 0	 0	 0	1693
347.4200	328.1500	 0	 0	 0	 0	808
347.4200	342.6500	 0	 0	 0	 0	691
368.9200	342.6500	 0	 0	 0	 0	1845
368.9200	353.6500	 0	 0	 0	 0	885
418.9200	353.6500	 0	 0	 0	 0	3052
418.9200	342.6500	 0	 0	 0	 0	3772
432.9200	342.6500	 0	 0	 0	 0	1894
432.9200	356.6500	 0	 0	 0	 0	1536
447.4200	356.6500	 0	 0	 0	 0	2751
447.4200	321.1500	 0	 0	 0	 0	3244
447.4200	292.6500	 0	 0	 0	 0	1110
432.9200	292.6500	 0	 0	 0	 0	3560
432.9200	314.1500	 0	 0	 0	 0	356
418.9200	314.1500	 0	 0	 0	 0	3046
418.9200	321.1500	 0	 0	 0	 0	1167
397.4200	321.1500	 0	 0	 0	 0	2601
397.4200	333.6500	 0	 0	 0	 0	1084
375.9200	333.6500	 0	 0	 0	 0	1293
375.9200	321.1500	 0	 0	 0	 0	3607
361.9200	321.1500	 0	 0	 0	 0	469
361.9200	299.6500	 0	 0	 0	 0	1714
375.9200	299.6500	 0	 0	 0	 0	2974
375.9200	285.6500	 0	 0	 0	 0	1631
397.4200	285.6500	 0	 0	 0	 0	2864
397.4200	271.6500	 0	 0	 0	 0	3788
418.9200	271.6500	 0	 0	 0	 0	399
418.9200	264.1500	 0	 0	 0	 0	2026
439.9200	264.1500	 0	 0	 0	 0	1068
439.9200	250.1500	 0	 0	 0	 0	491
454.4200	250.1500	 0	 0	 0	 0	1327
454.4200	243.1500	 0	 0	 0	 0	1976
461.4200	243.1500	 0	 0	 0	 0	2845
461.4200	214.6500	 0	 0	 0	 0	3873
461.4200	193.1500	 0	 0	 0	 0	2582
447.4200	193.1500	 0	 0	 0	 0	172
447.4200	179.1500	 0	 0	 0	 0	3507
439.9200	179.1500	 0	 0	 0	 0	969
439.9200	167.6500	 0	 0	 0	 0	817
419.9200	167.6500	 0	 0	 0	 0	2219
419.9200	150.6500	 0	 0	 0	 0	1525
439.9200	150.6500	 0	 0	 0	 0	3374
454.4200	150.6500	 0	 0	 0	 0	894
475.9200	150.6500	 0	 0	 0	 0	1839
475.9200	171.6500	 0	 0	 0	 0	577
496.9200	171.6500	 0	 0	 0	 0	495
496.9200	193.1500	 0	 0	 0	 0	3910
496.9200	214.6500	 0	 0	 0	 0	3604
496.9200	243.1500	 0	 0	 0	 0	579
496.9200	271.6500	 0	 0	 0	 0	643
496.9200	292.6500	 0	 0	 0	 0	1883
496.9200	317.1500	 0	 0	 0	 0	2140
496.9200	335.6500	 0	 0	 0	 0	1819
470.4200	335.6500	 0	 0	 0	 0	1490
470.4200	356.6500	 0	 0	 0	 0	301
496.9200	356.6500	 0	 0	 0	 0	3101
347.4200	150.6500	 0	 0	 0	 0	1275
539.9200	356.6500	 0	 0	 0	 0	3581
560.9200	356.6500	 0	 0	 0	 0	1568
589.4200	356.6500	 0	 0	 0	 0	858
589.4200	342.6500	 0	 0	 0	 0	1287
603.9200	342.6500	 0	 0	 0	 0	2407
610.9200	342.6500	 0	 0	 0	 0	1866
610.9200	335.6500	 0	 0	 0	 0	2117
610.9200	321.1500	 0	 0	 0	 0	1855
624.9200	321.1500	 0	 0	 0	 0	2237
624.9200	278.6500	 0	 0	 0	 0	1054
610.9200	278.6500	 0	 0	 0	 0	2586
610.9200	257.1500	 0	 0	 0	 0	636
589.4200	257.1500	 0	 0	 0	 0	2886
589.4200	250.1500	 0	 0	 0	 0	3701
575.4200	250.1500	 0	 0	 0	 0	1981
560.9200	250.1500	 0	 0	 0	 0	3244
542.9200	250.1500	 0	 0	 0	 0	2605
542.9200	264.1500	 0	 0	 0	 0	3060
560.9200	264.1500	 0	 0	 0	 0	3650
575.4200	264.1500	 0	 0	 0	 0	1364
575.4200	271.6500	 0	 0	 0	 0	3528
582.4200	271.6500	 0	 0	 0	 0	473
582.4200	285.6500	 0	 0	 0	 0	1879
596.4200	285.6500	 0	 0	 0	 0	3496
560.9200	335.6500	 0	 0	 0	 0	201
596.4200	314.1500	 0	 0	 0	 0	1105
582.4200	314.1500	 0	 0	 0	 0	1051
582.4200	321.1500	 0	 0	 0	 0	1462
575.4200	321.1500	 0	 0	 0	 0	277
575.4200	335.6500	 0	 0	 0	 0	3264
525.4200	335.6500	 0	 0	 0	 0	3151
525.4200	314.1500	 0	 0	 0	 0	558
525.4200	299.6500	 0	 0	 0	 0	3088
525.4200	281.6500	 0	 0	 0	 0	510
525.4200	233.1500	 0	 0	 0	 0	3869
525.4200	214.6500	 0	 0	 0	 0	388
525.4200	193.1500	 0	 0	 0	 0	835
525.4200	171.6500	 0	 0	 0	 0	2077
546.9200	171.6500	 0	 0	 0	 0	376
546.9200	150.6500	 0	 0	 0	 0	3370
568.4200	150.6500	 0	 0	 0	 0	2518
475.9200	160.6500	 0	 0	 0	 0	730
603.9200	150.6500	 0	 0	 0	 0	109
624.9200	150.6500	 0	 0	 0	 0	608
624.9200	136.1500	 0	 0	 0	 0	446
596.4200	136.1500	 0	 0	 0	 0	3237
575.4200	136.1500	 0	 0	 0	 0	2312
553.9200	136.1500	 0	 0	 0	 0	359
532.4200	136.1500	 0	 0	 0	 0	853
575.4200	356.6500	 0	 0	 0	 0	1671
489.9200	136.1500	 0	 0	 0	 0	408
468.4200	136.1500	 0	 0	 0	 0	1803
447.4200	136.1500	 0	 0	 0	 0	3208
425.9200	136.1500	 0	 0	 0	 0	711
404.4200	136.1500	 0	 0	 0	 0	458
370.4200	136.1500	 0	 0	 0	 0	2843
361.9200	150.6500	 0	 0	 0	 0	2766
340.4200	136.1500	 0	 0	 0	 0	2667
326.4200	136.1500	 0	 0	 0	 0	1947
301.9200	136.1500	 0	 0	 0	 0	3387
276.4200	136.1500	 0	 0	 0	 0	2750
254.9200	136.1500	 0	 0	 0	 0	2736
315.9200	136.1500	 0	 0	 0	 0	2730
212.4200	136.1500	 0	 0	 0	 0	2761
190.9200	136.1500	 0	 0	 0	 0	1064
338.9200	150.6500	 0	 0	 0	 0	1942
155.4200	136.1500	 0	 0	 0	 0	1806
624.9200	299.6500	 0	 0	 0	 0	3613
318.9200	321.6500	 0	 0	 0	 0	602
155.4200	314.1500	 0	 0	 0	 0	205
311.9200	356.6500	 0	 0	 0	 0	2994
355.4200	136.1500	 0	 0	 0	 0	1390
318.9200	314.1500	 0	 0	 0	 0	195
362.9200	164.6500	 0	 0	 0	 0	484
254.9200	356.6500	 0	 0	 0	 0	1017
383.4200	333.6500	 0	 0	 0	 0	3067
447.4200	335.6500	 0	 0	 0	 0	3524
470.4200	345.6500	 0	 0	 0	 0	2107
525.4200	250.1500	 0	 0	 0	 0	60
546.9200	335.6500	 0	 0	 0	 0	3298
525.4200	261.1500	 0	 0	 0	 0	3050
525.4200	356.6500	 0	 0	 0	 0	2483
336.4200	298.6500	 0	 0	 0	 0	3237
336.4200	313.1500	 0	 0	 0	 0	835
293.4200	136.1500	 0	 0	 0	 0	3689
336.4200	306.1500	 0	 0	 0	 0	971
425.9200	264.1500	 0	 0	 0	 0	3444
391.4200	353.6500	 0	 0	 0	 0	2962
482.9200	335.6500	 0	 0	 0	 0	208
429.9200	167.6500	 0	 0	 0	 0	606
330.9200	150.6500	 0	 0	 0	 0	194
368.4200	150.6500	 0	 0	 0	 0	2896
